# Abundance units (by number or mass):
@ABUNDANCE
number

# Pressure units:
@PRESSURE
bar

# Atmospheric composition:
@SPECIES
H He H2 H2O CO CH4 NH3 HCN CO2 H2CO C2H2 C2H4 NO C2H6 O2 H2O2 N2O NO2
@DATA
992.0    2189.1    1.49252145e-14    0.145523416    0.854056877032    7.99096076e-14    3.82255643e-15    0.000419706968    6.16898531e-15    3.22546515e-17    6.92163946e-19    2.03524219e-18    1.35534259e-18    2.6804853e-18    4.91229304e-22    5.48700541e-19    9.83098681e-26    2.97582589e-25    4.71487597e-27    1.2695573e-30    
954.34    2168.1    1.34705992e-14    0.145523416    0.854055376487    8.00405599e-14    3.69204109e-15    0.000421207513    6.1261855e-15    3.00353955e-17    6.78927787e-19    1.89844533e-18    1.19461803e-18    2.50647769e-18    4.19817354e-22    5.31429396e-19    7.86466283e-26    2.49262015e-25    3.97264195e-27    9.8011717e-31    
918.1    2147.1    1.21293011e-14    0.145523417    0.85405385605    8.01746798e-14    3.55832332e-15    0.00042272695    6.08546288e-15    2.79003352e-17    6.64809708e-19    1.76721601e-18    1.04877404e-18    2.3388727e-18    3.57493922e-22    5.14372819e-19    6.2620575e-26    2.08041722e-25    3.33446484e-27    7.52511221e-31    
882.72    2126.13    1.09030597e-14    0.145523417    0.854052319731    8.03117488e-14    3.42162788e-15    0.000424263269    6.04718216e-15    2.58525003e-17    6.49474729e-19    1.64126325e-18    9.17022866e-19    2.17731934e-18    3.03310241e-22    4.97315182e-19    4.9621858e-26    1.72984736e-25    2.78708289e-27    5.74340094e-31    
848.39    2105.17    9.78353765e-15    0.145523418    0.85405072084    8.04561167e-14    3.27761125e-15    0.00042586116    6.01456588e-15    2.38693147e-17    6.31860844e-19    1.51935572e-18    7.97324391e-19    2.02038296e-18    2.56168261e-22    4.80208824e-19    3.90901351e-26    1.43229121e-25    2.3173218e-27    4.35184738e-31    
815.18    2084.18    8.75491316e-15    0.145523419    0.85404914816    8.05989944e-14    3.13505591e-15    0.00042743284    5.98197886e-15    2.19913945e-17    6.14248532e-19    1.40388007e-18    6.90708129e-19    1.87110496e-18    2.1555427e-22    4.63344761e-19    3.06421383e-26    1.18095826e-25    1.91928459e-27    3.2784522e-31    
782.75    2063.11    7.81120829e-15    0.14552342    0.8540476045    8.07400198e-14    2.99432802e-15    0.0004289755    5.94881312e-15    2.02141259e-17    5.96632179e-19    1.29443834e-18    5.95899224e-19    1.72885452e-18    1.80595171e-22    4.46571793e-19    2.38842025e-26    9.69272413e-26    1.58240509e-27    2.45284283e-31    
751.6    2042.02    6.94905859e-15    0.145523421    0.854046087614    8.08794119e-14    2.85520898e-15    0.000430491386    5.9161051e-15    1.85389579e-17    5.79036996e-19    1.1912743e-18    5.12139789e-19    1.59428555e-18    1.50747361e-22    4.30142933e-19    1.85263389e-26    7.92237953e-26    1.29970953e-27    1.8248175e-31    
721.08    2020.68    6.15713494e-15    0.145523423    0.854044547406    8.10218691e-14    2.71300931e-15    0.000432029594    5.88584994e-15    1.69305426e-17    5.60244127e-19    1.09209211e-18    4.37018018e-19    1.46432135e-18    1.24967164e-22    4.13606675e-19    1.42405535e-26    6.43056983e-26    1.05956968e-27    1.34275858e-31    
691.8    1999.34    5.44122046e-15    0.145523424    0.854042970489    8.11690032e-14    2.56611776e-15    0.000433605511    5.86202246e-15    1.53956335e-17    5.39564245e-19    9.97346688e-19    3.70376583e-19    1.33985465e-18    1.03036042e-22    3.97183115e-19    1.08697612e-26    5.19238386e-26    8.58594232e-28    9.79739152e-32    
663.12    1978.1    4.79863357e-15    0.145523426    0.854041487503    8.13076437e-14    2.42769578e-15    0.000435086497    5.83484689e-15    1.39881609e-17    5.20107936e-19    9.10005612e-19    3.13324251e-19    1.22453798e-18    8.47426708e-23    3.81057492e-19    8.27096744e-27    4.17879793e-26    6.93930475e-28    7.11884141e-32    
635.49    1956.89    4.22084835e-15    0.145523429    0.854040005631    8.14468992e-14    2.28864425e-15    0.000436565369    5.811694e-15    1.26639517e-17    4.99662069e-19    8.27628703e-19    2.63504644e-19    1.11541493e-18    6.93538699e-23    3.65097888e-19    6.25428605e-27    3.34685084e-26    5.57827813e-28    5.13264304e-32    
608.66    1935.46    3.69503361e-15    0.145523431    0.854038552069    8.15841324e-14    2.15160054e-15    0.000438016931    5.78901393e-15    1.14211951e-17    4.79201896e-19    7.501271e-19    2.20138267e-19    1.01241745e-18    5.63811309e-23    3.49325386e-19    4.68786932e-27    2.66092214e-26    4.45280149e-28    3.66191067e-32    
582.75    1913.87    3.22106373e-15    0.145523434    0.854037105104    8.17212933e-14    2.01461743e-15    0.000439460896    5.76980882e-15    1.02539013e-17    4.58007767e-19    6.77117957e-19    1.82518486e-19    9.15112162e-19    4.55212765e-23    3.33704258e-19    3.48267732e-27    2.10065183e-26    3.52833851e-28    2.5846391e-32    
557.65    1892.21    2.79693375e-15    0.145523437    0.854035698165    8.18551426e-14    1.88093255e-15    0.000440864835    5.75200292e-15    9.17279859e-18    4.36819504e-19    6.09208421e-19    1.5039246e-19    8.24339102e-19    3.65370968e-23    3.18332925e-19    2.56775226e-27    1.64770393e-26    2.7782656e-28    1.80736323e-32    
533.35    1870.47    2.41971655e-15    0.14552344    0.854034293735    8.19893611e-14    1.74686982e-15    0.000442266265    5.74015672e-15    8.16240221e-18    4.14429496e-19    5.45430536e-19    1.22845962e-19    7.3886645e-19    2.91111511e-23    3.03033367e-19    1.8756039e-27    1.28311463e-26    2.17000396e-28    1.24915973e-32    
509.89    1848.75    2.08628314e-15    0.145523443    0.85403293712    8.21194226e-14    1.61695267e-15    0.00044361988    5.73095805e-15    7.23626414e-18    3.92061016e-19    4.86645053e-19    9.97124725e-20    6.59896863e-19    2.3064271e-23    2.88034448e-19    1.36031624e-27    9.93150781e-27    1.68460106e-28    8.55682088e-33    
487.18    1827.06    1.79215707e-15    0.145523447    0.854031657738    8.22422507e-14    1.49425614e-15    0.000444895262    5.72093726e-15    6.39845513e-18    3.70662048e-19    4.33144539e-19    8.05505097e-20    5.87822795e-19    1.81843339e-23    2.73452289e-19    9.80570713e-28    7.6437766e-27    1.30107931e-28    5.81617263e-33    
465.24    1805.31    1.53342119e-15    0.145523451    0.854030408587    8.23625597e-14    1.37407092e-15    0.000446140413    5.71570886e-15    5.62868482e-18    3.48799066e-19    3.83701834e-19    6.45209273e-20    5.21104347e-19    1.42320919e-23    2.59092373e-19    7.00334563e-28    5.83880534e-27    9.96914455e-29    3.90766148e-33    
443.95    1783.5    1.30605716e-15    0.145523455    0.854029222748    8.24770129e-14    1.25973195e-15    0.000447322252    5.71135517e-15    4.93188648e-18    3.27531899e-19    3.38646666e-19    5.13196853e-20    4.60147257e-19    1.10630692e-23    2.45057124e-19    4.95927855e-28    4.42750025e-27    7.58328743e-29    2.59707648e-33    
423.46    1761.6    1.10685331e-15    0.14552346    0.854028080878    8.25873933e-14    1.1494583e-15    0.000448459122    5.71083311e-15    4.29864349e-18    3.0634935e-19    2.97445238e-19    4.04564092e-20    4.04324133e-19    8.53092447e-24    2.31338879e-19    3.47627352e-28    3.32921444e-27    5.71921774e-29    1.70444231e-33    
403.67    1739.57    9.32929497e-16    0.145523464    0.854026986917    8.2693468e-14    1.04348359e-15    0.000449549083    5.71399307e-15    3.72515244e-18    2.8530482e-19    2.59877433e-19    3.15824528e-20    3.53353985e-19    6.51987917e-24    2.17916626e-19    2.40946801e-28    2.48028706e-27    4.27283451e-29    1.10303325e-33    
384.58    1717.58    7.83004747e-16    0.14552347    0.854025963953    8.2792623e-14    9.44420413e-16    0.000450566047    5.71903094e-15    3.21621859e-18    2.65139241e-19    2.26251718e-19    2.44907139e-20    3.07661553e-19    4.95196437e-24    2.04944707e-19    1.65698138e-28    1.83514184e-27    3.17049881e-29    7.06780764e-34    
366.17    1695.64    6.54454545e-16    0.145523475    0.854025003054    8.28860068e-14    8.5112178e-16    0.000451521946    5.72704465e-15    2.76378216e-18    2.45480846e-19    1.96111966e-19    1.88406381e-20    2.66672438e-19    3.7340923e-24    1.92376301e-19    1.12938757e-28    1.34754385e-27    2.33466315e-29    4.4774774e-34    
348.39    1673.66    5.44162619e-16    0.145523481    0.854024101562    8.29736428e-14    7.63564977e-16    0.000452417438    5.73783106e-15    2.36244841e-18    2.26447052e-19    1.69156263e-19    1.43636322e-20    2.29987476e-19    2.79211682e-24    1.80207491e-19    7.61649152e-29    9.80706424e-28    1.70392768e-29    2.79907938e-34    
331.33    1651.66    4.50015062e-16    0.145523487    0.854023257984    8.30557496e-14    6.81531804e-16    0.000453255016    5.74982452e-15    2.00811875e-18    2.0801158e-19    1.45146855e-19    1.08451072e-20    1.97297331e-19    2.06856512e-24    1.68463132e-19    5.07951444e-29    7.07197349e-28    1.2326257e-29    1.7252014e-34    
314.79    1630.37    3.72988134e-16    0.145523494    0.854022519032    8.31275823e-14    6.09764185e-16    0.000453986968    5.75944381e-15    1.71296012e-18    1.91462986e-19    1.24752369e-19    8.21603756e-21    1.69489621e-19    1.53715357e-24    1.57448088e-19    3.40256349e-29    5.1113851e-28    8.93955026e-30    1.06767705e-34    
298.98    1609.34    3.08347296e-16    0.145523503    0.85402184042    8.31933884e-14    5.44019677e-16    0.00045465658    5.76818226e-15    1.45709903e-18    1.75807109e-19    1.06919827e-19    6.19210406e-21    1.45172006e-19    1.13645816e-24    1.46969695e-19    2.26657065e-29    3.67668795e-28    6.45535257e-30    6.55700021e-35    
283.65    1589.18    2.55991482e-16    0.145523519    0.854021254479    8.32494381e-14    4.88029602e-16    0.000455226521    5.77504317e-15    1.24257565e-18    1.62256347e-19    9.20241029e-20    4.70527007e-21    1.24852948e-19    8.46685632e-25    1.37285409e-19    1.52414811e-29    2.66065894e-28    4.68936619e-30    4.07068902e-35    
269.01    1569.38    2.12274055e-16    0.145523554    0.854020703919    8.3300201e-14    4.373367e-16    0.000455742081    5.77997411e-15    1.0571064e-18    1.49637754e-19    7.91050651e-20    3.56740971e-21    1.07235794e-19    6.29243093e-25    1.28156602e-19    1.02245912e-29    1.92103681e-28    3.40033728e-30    2.51788735e-35    
254.89    1550.76    1.77470026e-16    0.145523617    0.854020216423    8.33420228e-14    3.95602338e-16    0.000456166577    5.77803609e-15    9.08173172e-19    1.39168031e-19    6.85508253e-20    2.74598923e-21    9.28277373e-20    4.74070782e-25    1.19877184e-19    6.98187591e-30    1.40441619e-28    2.49742504e-30    1.58928488e-35    
241.38    1532.76    1.48759947e-16    0.145523704    0.85401975677    8.33787737e-14    3.58953929e-16    0.00045653923    5.77070533e-15    7.84013935e-19    1.29799492e-19    5.95550166e-20    2.12365296e-21    8.05462193e-20    3.58474477e-25    1.12189986e-19    4.79410135e-30    1.03051025e-28    1.84220131e-30    1.00880159e-35    
228.46    1515.42    1.2509544e-16    0.14552383    0.85401930392    8.3411041e-14    3.26817759e-16    0.00045686608    5.75832884e-15    6.78885247e-19    1.214303e-19    5.18897491e-20    1.65152119e-21    7.00871298e-20    2.72304455e-25    1.0506441e-19    3.3136373e-30    7.59588009e-29    1.36575561e-30    6.44796262e-36    
216.04    1498.97    1.05900792e-16    0.145524006    0.854018852504    8.34382555e-14    2.99773225e-16    0.000457141496    5.74019491e-15    5.92232815e-19    1.14345868e-19    4.55001838e-20    1.29998408e-21    6.13688387e-20    2.0908066e-25    9.85516649e-20    2.32269619e-30    5.65477699e-29    1.02286367e-30    4.18748906e-36    
204.22    1482.88    8.96904237e-17    0.145524232    0.854018375212    8.34631212e-14    2.75116811e-16    0.000457392788    5.7186101e-15    5.17117677e-19    1.07735301e-19    3.99088041e-20    1.02391755e-21    5.37497266e-20    1.60523303e-25    9.24389329e-20    1.62907739e-30    4.21064948e-29    7.66624961e-31    2.71955741e-36    
192.88    1467.56    7.64131531e-17    0.145524527    0.854017867177    8.34842299e-14    2.54273811e-16    0.000457605823    5.69153341e-15    4.54822551e-19    1.02154152e-19    3.52130395e-20    8.15570202e-22    4.73531919e-20    1.24454576e-25    8.68422807e-20    1.15714046e-30    3.16339342e-29    5.79850275e-31    1.79196124e-36    
182.07    1453.16    6.56211386e-17    0.145524948    0.854017268993    8.35018257e-14    2.37047296e-16    0.000457783007    5.65498855e-15    4.03364391e-19    9.76059629e-20    3.13119989e-20    6.59150657e-22    4.20406603e-20    9.77059993e-26    8.17764211e-20    8.36085554e-31    2.40631215e-29    4.44378502e-31    1.20359629e-36    
171.8    1439.5    5.67059017e-17    0.145525567    0.854016499026    8.35168763e-14    2.22533475e-16    0.000457933974    5.60321672e-15    3.59607844e-19    9.38466725e-20    2.80169844e-20    5.38977437e-22    3.75566383e-20    7.73661802e-26    7.71558641e-20    6.12333915e-31    1.84842866e-29    3.44518556e-31    8.19689042e-37    
161.98    1426.36    4.91913153e-17    0.145526342    0.854015592745    8.35300174e-14    2.10064498e-16    0.000458065255    5.53551676e-15    3.21703518e-19    9.07079487e-20    2.51791061e-20    4.44354352e-22    3.36986883e-20    6.15503189e-26    7.28873216e-20    4.52357788e-31    1.42824842e-29    2.6921296e-31    5.62669751e-37    
152.67    1413.44    4.26726743e-17    0.145527126    0.854014686143    8.35423106e-14    1.98456426e-16    0.000458187857    5.45688479e-15    2.87496804e-19    8.77679944e-20    2.26376248e-20    3.66622712e-22    3.02519351e-20    4.88859145e-26    6.88684546e-20    3.34227622e-31    1.10341674e-29    2.1069357e-31    3.85629768e-37    
143.83    1400.82    3.70685286e-17    0.145527779    0.854013922027    8.35534448e-14    1.87900168e-16    0.000458298973    5.3754253e-15    2.57776377e-19    8.51089097e-20    2.03860335e-20    3.03421947e-22    2.72035655e-20    3.89054063e-26    6.51046604e-20    2.47664052e-31    8.5405587e-30    1.65247343e-31    2.65120776e-37    
135.38    1390.0    3.29213044e-17    0.145528289    0.854013350812    8.35595876e-14    1.82213164e-16    0.000458360188    5.2928937e-15    2.37392357e-19    8.42745189e-20    1.87632631e-20    2.61573218e-22    2.49974227e-20    3.22105486e-26    6.19609407e-20    1.92575e-31    6.84696481e-30    1.33942907e-31    1.93194763e-37    
127.38    1379.72    2.93993877e-17    0.14552869    0.85401290189    8.35643894e-14    1.77776979e-16    0.00045840811    5.20776988e-15    2.20363859e-19    8.38994277e-20    1.73641079e-20    2.2781025e-22    2.30958384e-20    2.69123592e-26    5.90711534e-20    1.51506966e-31    5.53575093e-30    1.09467547e-31    1.4272619e-37    
119.79    1370.14    2.64681944e-17    0.145529005    0.85401255624    8.35674563e-14    1.75005536e-16    0.00045843876    5.11726188e-15    2.06246618e-19    8.41851937e-20    1.61982313e-20    2.01423832e-22    2.15109841e-20    2.27873229e-26    5.64563931e-20    1.21292556e-31    4.53211975e-30    9.05863768e-32    1.07579264e-37    
112.61    1360.62    2.38099405e-17    0.145529243    0.854012287806    8.35704891e-14    1.72205611e-16    0.000458469194    5.02037526e-15    1.92943247e-19    8.44535224e-20    1.51003965e-20    1.77883387e-22    2.00232551e-20    1.9236593e-26    5.39473146e-20    9.68950739e-32    3.70358013e-30    7.49002621e-32    8.07757699e-38    
105.83    1351.53    2.1519853e-17    0.145529405    0.854012105138    8.35725353e-14    1.70330551e-16    0.000458489862    4.91693866e-15    1.81396117e-19    8.51112214e-20    1.41424131e-20    1.58474739e-22    1.87260737e-20    1.63488248e-26    5.16276747e-20    7.81743279e-32    3.04795938e-30    6.24007202e-32    6.12996486e-38    
99.412    1343.31    1.96714175e-17    0.145529496    0.854012014681    8.35724531e-14    1.70523961e-16    0.000458489319    4.80680833e-15    1.72461988e-19    8.66809446e-20    1.33925077e-20    1.4415054e-22    1.77077522e-20    1.415422e-26    4.95805622e-20    6.4623879e-32    2.55305776e-30    5.29035662e-32    4.78427216e-38    
93.334    1335.75    1.81370084e-17    0.145529522    0.854012006142    8.35706704e-14    1.72361276e-16    0.000458471858    4.6912309e-15    1.65523559e-19    8.9025572e-20    1.27912591e-20    1.33247222e-22    1.68885521e-20    1.24260558e-26    4.77397598e-20    5.44120311e-32    2.1667358e-30    4.54399546e-32    3.81343943e-38    
87.599    1328.59    1.68053649e-17    0.14552949    0.854012065876    8.35678516e-14    1.75184014e-16    0.000458444124    4.57255668e-15    1.59930123e-19    9.18799566e-20    1.22776091e-20    1.24313621e-22    1.61872126e-20    1.09927894e-26    4.60398194e-20    4.62892033e-32    1.85235871e-30    3.93174397e-32    3.07562278e-38    
82.189    1321.87    1.56632805e-17    0.14552941    0.854012186125    8.35637744e-14    1.79221197e-16    0.000458403875    4.45223007e-15    1.55711523e-19    9.53720982e-20    1.18540823e-20    1.17256211e-22    1.56059714e-20    9.81847398e-27    4.44823848e-20    3.98662324e-32    1.59748942e-30    3.43111707e-32    2.51672714e-38    
77.079    1315.85    1.47424799e-17    0.145529291    0.854012366014    8.35576284e-14    1.85288835e-16    0.000458342986    4.33069184e-15    1.53062383e-19    9.99057349e-20    1.15548014e-20    1.12622963e-22    1.51911184e-20    8.91745421e-27    4.31060573e-20    3.50568944e-32    1.39843704e-30    3.03739703e-32    2.11134911e-38    
72.273    1310.2    1.39474337e-17    0.145529139    0.854012592012    8.35501666e-14    1.92639631e-16    0.000458268988    4.20797925e-15    1.51501937e-19    1.05168617e-19    1.13210186e-20    1.09203364e-22    1.48624251e-20    8.16567683e-27    4.18404782e-20    3.11559303e-32    1.23344861e-30    2.70898452e-32    1.79356133e-38    
67.753    1304.93    1.32653132e-17    0.145528959    0.854012860758    8.35412255e-14    2.01440161e-16    0.000458180242    4.08405433e-15    1.50944875e-19    1.11266446e-19    1.11505894e-20    1.06925062e-22    1.46166999e-20    7.54016606e-27    4.06795816e-20    2.79915668e-32    1.09636965e-30    2.43469889e-32    1.54325952e-38    
63.489    1300.15    1.27068814e-17    0.145528755    0.854013174175    8.35302139e-14    2.1228396e-16    0.000458070825    3.95931579e-15    1.51456799e-19    1.18515823e-19    1.10591726e-20    1.06098029e-22    1.44768483e-20    7.04558937e-27    3.96356626e-20    2.55247821e-32    9.84832176e-31    2.21068864e-32    1.35168374e-38    
59.485    1295.67    1.2226741e-17    0.14552853    0.854013525608    8.35174971e-14    2.24808446e-16    0.000457944392    3.83472656e-15    1.52897734e-19    1.26775348e-19    1.10180525e-20    1.06145482e-22    1.44013e-20    6.63028757e-27    3.86728784e-20    2.34863386e-32    8.90332763e-31    2.02005239e-32    1.19682044e-38    
55.723    1291.51    1.18177467e-17    0.145528288    0.854013913599    8.35028215e-14    2.39269223e-16    0.000457798401    3.71132507e-15    1.5528829e-19    1.36205068e-19    1.1027273e-20    1.07076803e-22    1.4389454e-20    6.28555521e-27    3.7785554e-20    2.18062088e-32    8.10039197e-31    1.85728548e-32    1.07153059e-38    
52.177    1287.74    1.14935231e-17    0.14552803    0.854014344533    8.3485449e-14    2.56404251e-16    0.000457625467    3.58934288e-15    1.58726229e-19    1.47207125e-19    1.11037681e-20    1.0927447e-22    1.44658124e-20    6.02215201e-27    3.698571e-20    2.05051107e-32    7.43629154e-31    1.72236219e-32    9.74531226e-39    
48.85    1284.4    1.12529348e-17    0.145527754    0.854014824323    8.34649875e-14    2.76604058e-16    0.000457421677    3.46850299e-15    1.63204209e-19    1.60004205e-19    1.12496151e-20    1.12877941e-22    1.46361003e-20    5.83442547e-27    3.62743336e-20    1.95471695e-32    6.89425996e-31    1.61249407e-32    9.01277589e-39    
45.732    1281.27    1.10517963e-17    0.14552746    0.854015348758    8.34418573e-14    2.99447546e-16    0.000457191242    3.34876171e-15    1.6861105e-19    1.74445531e-19    1.14348451e-20    1.17255685e-22    1.48525959e-20    5.67881997e-27    3.56103962e-20    1.87451772e-32    6.41891247e-31    1.51604193e-32    8.39595619e-39    
42.811    1278.32    1.08838718e-17    0.145527146    0.854015923317    8.34157098e-14    3.25281401e-16    0.000456930683    3.23009168e-15    1.74979316e-19    1.90758634e-19    1.16602444e-20    1.22397258e-22    1.51113035e-20    5.54870844e-27    3.49872994e-20    1.80680401e-32    5.99816287e-31    1.4305812e-32    7.86944446e-39    
40.062    1275.74    1.0783938e-17    0.145526809    0.854016564672    8.33851773e-14    3.55469892e-16    0.000456626328    3.11241184e-15    1.82455425e-19    2.09661873e-19    1.1953237e-20    1.29211603e-22    1.54655871e-20    5.47614534e-27    3.44334128e-20    1.76324681e-32    5.65477911e-31    1.3614709e-32    7.48752134e-39    
37.488    1273.41    1.07258684e-17    0.145526447    0.854017275886    8.33501525e-14    3.90118256e-16    0.000456277114    2.99590702e-15    1.91074308e-19    2.3128329e-19    1.23026014e-20    1.37335169e-22    1.58847864e-20    5.43555296e-27    3.39249009e-20    1.73368052e-32    5.36027098e-31    1.30260329e-32    7.18800518e-39    
35.076    1271.26    1.07005246e-17    0.145526061    0.854018059955    8.33102353e-14    4.29626617e-16    0.000455879045    2.88142485e-15    2.00839253e-19    2.55894145e-19    1.27025461e-20    1.4676037e-22    1.63615309e-20    5.41988504e-27    3.34513405e-20    1.71450401e-32    5.10250097e-31    1.2512633e-32    6.94927431e-39    
32.81    1269.28    1.07056721e-17    0.145525648    0.854018926848    8.32647282e-14    4.74691772e-16    0.000455425152    2.76957467e-15    2.11780424e-19    2.83925934e-19    1.31531529e-20    1.57651642e-22    1.68981675e-20    5.4285677e-27    3.30078372e-20    1.70469143e-32    4.87579544e-31    1.20619727e-32    6.76392697e-39    
30.688    1267.53    1.07503978e-17    0.145525208    0.854019886135    8.32126734e-14    5.26268649e-16    0.000454905865    2.6602495e-15    2.23989946e-19    3.15909995e-19    1.36619801e-20    1.70458822e-22    1.751153e-20    5.46910325e-27    3.2600984e-20    1.7072333e-32    4.68408602e-31    1.16850828e-32    6.64219375e-39    
28.702    1265.9    1.08175903e-17    0.145524734    0.854020951563    8.31533945e-14    5.8503047e-16    0.000454314437    2.55320058e-15    2.37566189e-19    3.52317737e-19    1.4226691e-20    1.84946455e-22    1.81792724e-20    5.52507599e-27    3.22137599e-20    1.71616782e-32    4.51261433e-31    1.13489033e-32    6.55141826e-39    
26.844    1264.39    1.09085743e-17    0.145524224    0.854022137716    8.30856315e-14    6.52233295e-16    0.000453638284    2.44824796e-15    2.52640756e-19    3.93898745e-19    1.48551552e-20    2.0138108e-22    1.89063304e-20    5.5971238e-27    3.18446492e-20    1.73192458e-32    4.36043262e-31    1.10521233e-32    6.49093518e-39    
25.103    1263.17    1.10515248e-17    0.145523672    0.854023468992    8.30075434e-14    7.29714201e-16    0.000452859008    2.34520591e-15    2.69376631e-19    4.41587632e-19    1.55600165e-20    2.21064839e-22    1.97441118e-20    5.71105696e-27    3.15127635e-20    1.76415273e-32    4.24276798e-31    1.08323131e-32    6.50204704e-39    
23.475    1262.0    1.12072612e-17    0.145523076    0.854024957717    8.29180953e-14    8.18504497e-16    0.000451966283    2.24392951e-15    2.87912446e-19    4.96194263e-19    1.63393862e-20    2.42976935e-22    2.06297697e-20    5.82942092e-27    3.11831645e-20    1.79948324e-32    4.13325045e-31    1.06271929e-32    6.52003572e-39    
21.951    1260.88    1.13754964e-17    0.145522431    0.854026629903    8.28151836e-14    9.20703699e-16    0.000450939097    2.1443736e-15    3.08421033e-19    5.5898087e-19    1.72041911e-20    2.67361064e-22    2.15638255e-20    5.9512999e-27    3.08518628e-20    1.83777259e-32    4.03078536e-31    1.04342355e-32    6.54295633e-39    
20.523    1259.82    1.15589793e-17    0.145521735    0.85402851677    8.26958846e-14    1.03923251e-15    0.00044974823    2.04669142e-15    3.31065491e-19    6.31670703e-19    1.81727808e-20    2.94620277e-22    2.25515498e-20    6.07911218e-27    3.0516033e-20    1.87988024e-32    3.93589318e-31    1.02547341e-32    6.57391002e-39    
19.19    1258.94    1.17807218e-17    0.145520989    0.854030648457    8.25570834e-14    1.17720663e-15    0.000448362543    1.95152605e-15    3.55864085e-19    7.15871887e-19    1.92639444e-20    3.26090849e-22    2.36316095e-20    6.2345668e-27    3.01892328e-20    1.93391511e-32    3.86071406e-31    1.01187074e-32    6.64733642e-39    
17.94    1258.16    1.20300721e-17    0.145520203    0.854033033026    8.23969745e-14    1.3364397e-15    0.000446763974    1.86012062e-15    3.82529066e-19    8.12664107e-19    2.04587156e-20    3.61945774e-22    2.47906592e-20    6.41292618e-27    2.98573704e-20    1.99614583e-32    3.7967305e-31    1.00043059e-32    6.75012143e-39    
16.769    1257.47    1.23016666e-17    0.145519383    0.854035685505    8.22134545e-14    1.51903842e-15    0.000444931495    1.77285757e-15    4.10832521e-19    9.23219732e-19    2.17492602e-20    4.02383389e-22    2.60169391e-20    6.6105502e-27    2.95128618e-20    2.06473263e-32    3.74031794e-31    9.90269429e-33    6.87478843e-39    
15.675    1256.81    1.25883839e-17    0.145518523    0.854038647594    8.20029502e-14    1.72857052e-15    0.000442829406    1.68914451e-15    4.40748087e-19    1.04956704e-18    2.31479199e-20    4.47340485e-22    2.72897524e-20    6.81806762e-27    2.91458627e-20    2.13706472e-32    3.68756653e-31    9.80519211e-33    7.0075843e-39    
14.652    1256.28    1.29107237e-17    0.145517626    0.854041942183    8.1762872e-14    1.96762623e-15    0.000440431817    1.6089123e-15    4.72002898e-19    1.19275784e-18    2.46406437e-20    4.98681909e-22    2.86486738e-20    7.05579608e-27    2.87650002e-20    2.22052248e-32    3.64705456e-31    9.73356286e-33    7.1779283e-39    
13.695    1255.77    1.32446822e-17    0.145516702    0.854045552652    8.14938835e-14    2.23555233e-15    0.000437745348    1.53277815e-15    5.03928885e-19    1.35241619e-18    2.61805134e-20    5.55413033e-22    3.00427052e-20    7.30376682e-27    2.83544564e-20    2.30646507e-32    3.60714202e-31    9.65801901e-33    7.35310544e-39    
12.801    1255.25    1.35855078e-17    0.145515767    0.854049428254    8.11994645e-14    2.52888658e-15    0.000434804746    1.4615432e-15    5.35652771e-19    1.52630141e-18    2.76967733e-20    6.1767603e-22    3.14623656e-20    7.56285982e-27    2.79156757e-20    2.39326418e-32    3.56613851e-31    9.57321492e-33    7.5315228e-39    
11.967    1254.79    1.39503974e-17    0.145514825    0.85405354956    8.088116e-14    2.84609016e-15    0.00043162544    1.39496023e-15    5.66704752e-19    1.71292298e-18    2.91529422e-20    6.87392505e-22    3.29428921e-20    7.85134331e-27    2.74605251e-20    2.48748845e-32    3.53157805e-31    9.49827222e-33    7.73925243e-39    
11.183    1254.43    1.43470719e-17    0.145513871    0.854057926196    8.05385064e-14    3.18762294e-15    0.000428202804    1.33218895e-15    5.96904996e-19    1.91207597e-18    3.0528052e-20    7.66370181e-22    3.45050253e-20    8.17692832e-27    2.69899062e-20    2.59206977e-32    3.50509284e-31    9.43757431e-33    7.98517217e-39    
10.452    1254.1    1.4764348e-17    0.145512911    0.854062511415    8.01755814e-14    3.54941638e-15    0.000424577585    1.27317397e-15    6.25724359e-19    2.12121356e-18    3.17818351e-20    8.54477034e-22    3.61231111e-20    8.52990512e-27    2.65024645e-20    2.70325727e-32    3.48258757e-31    9.3804789e-33    8.25450562e-39    
9.7687    1253.8    1.5200241e-17    0.145511955    0.854067228571    7.9799056e-14    3.92481508e-15    0.000420816429    1.21810516e-15    6.52553827e-19    2.3362493e-18    3.28608755e-20    9.52566375e-22    3.77985481e-20    8.91271342e-27    2.60050477e-20    2.82091772e-32    3.46390018e-31    9.32575334e-33    8.54883961e-39    
9.1308    1253.43    1.56300052e-17    0.145511005    0.854072038631    7.94126343e-14    4.31011814e-15    0.000416956369    1.16661375e-15    6.77125216e-19    2.55547706e-18    3.37474621e-20    1.05884612e-21    3.9477892e-20    9.3008218e-27    2.54897672e-20    2.93560538e-32    3.44019812e-31    9.25062949e-33    8.83198785e-39    
8.533    1253.16    1.60970696e-17    0.145510055    0.854076936943    7.90173832e-14    4.7042579e-15    0.000413008057    1.11805582e-15    6.99386578e-19    2.77713831e-18    3.44372385e-20    1.17982772e-21    4.12689177e-20    9.73991579e-27    2.49769955e-20    3.06467605e-32    3.42680741e-31    9.19374679e-33    9.1671241e-39    
7.9742    1252.9    1.65804311e-17    0.145509114    0.854081850027    7.86197549e-14    5.10079326e-15    0.000409035973    1.07249389e-15    7.19002924e-19    2.99798761e-18    3.49100938e-20    1.31458606e-21    4.3130559e-20    1.02117745e-26    2.44643922e-20    3.20064998e-32    3.4168612e-31    9.13694325e-33    9.52694887e-39    
7.4535    1252.53    1.70440011e-17    0.145508191    0.854086691398    7.8227503e-14    5.4919836e-15    0.000405117602    1.03011408e-15    7.35682771e-19    3.21472526e-18    3.51527443e-20    1.45915744e-21    4.49842668e-20    1.06814855e-26    2.39473149e-20    3.32967214e-32    3.39980695e-31    9.05300943e-33    9.8621707e-39    
6.9659    1252.1    1.75023014e-17    0.145507287    0.854091433581    7.7843277e-14    5.87518143e-15    0.000401279419    9.90585477e-16    7.49456046e-19    3.42576866e-18    3.5167487e-20    1.61711669e-21    4.68793134e-20    1.1167689e-26    2.34345598e-20    3.45776781e-32    3.38080289e-31    8.95446746e-33    1.01958643e-38    
6.5099    1251.58    1.79446631e-17    0.145506398    0.854096069816    7.74681521e-14    6.24930846e-15    0.000397532184    9.53501801e-16    7.60427568e-19    3.63102064e-18    3.49834053e-20    1.78761486e-21    4.87903198e-20    1.1656626e-26    2.29244313e-20    3.58069966e-32    3.35742438e-31    8.83567551e-33    1.05101481e-38    
6.0834    1250.93    1.83547e-17    0.145505521    0.854100600258    7.71024111e-14    6.61407726e-15    0.000393878742    9.1847212e-16    7.68719695e-19    3.83105622e-18    3.46295056e-20    1.96828083e-21    5.06761065e-20    1.21265503e-26    2.24128349e-20    3.69157122e-32    3.32563676e-31    8.68721823e-33    1.0777222e-38    
5.6844    1249.98    1.86843398e-17    0.145504652    0.854105029546    7.67459869e-14    6.96954796e-15    0.000390318454    8.85157604e-16    7.74453283e-19    4.02772189e-18    3.41356153e-20    2.14928325e-21    5.24096305e-20    1.25162943e-26    2.18860889e-20    3.76986456e-32    3.27276767e-31    8.47894222e-33    1.09197513e-38    
5.3112    1248.72    1.89185846e-17    0.145503789    0.854109355874    7.63992588e-14    7.31533801e-15    0.000386855126    8.53342466e-16    7.77755829e-19    4.22169845e-18    3.35248541e-20    2.32522263e-21    5.3944448e-20    1.28025285e-26    2.13438673e-20    3.80922017e-32    3.19708135e-31    8.20851659e-33    1.09151691e-38    
4.9625    1247.19    1.90660936e-17    0.145502931    0.854113575205    7.60627309e-14    7.6509429e-15    0.000383493795    8.22886303e-16    7.78781571e-19    4.41284851e-18    3.28163736e-20    2.49515962e-21    5.52949731e-20    1.29913181e-26    2.07932024e-20    3.81378506e-32    3.10359806e-31    7.89040782e-33    1.07813281e-38    
4.6367    1245.35    1.91174993e-17    0.145502087    0.854117650223    7.57392373e-14    7.97353356e-15    0.000380262777    7.93904157e-16    7.77716631e-19    4.60049507e-18    3.20177604e-20    2.65441532e-21    5.64354568e-20    1.30727339e-26    2.02372912e-20    3.78076584e-32    2.99227447e-31    7.52655452e-33    1.05153217e-38    
4.3313    1242.96    1.89941669e-17    0.145501271    0.854121510048    7.54344683e-14    8.27742773e-15    0.000377218952    7.66798542e-16    7.74843326e-19    4.78528184e-18    3.11271036e-20    2.78031776e-21    5.71575483e-20    1.29603634e-26    1.96623755e-20    3.68008737e-32    2.84622994e-31    7.07902949e-33    1.00253889e-38    
4.046    1240.09    1.87143418e-17    0.145500489    0.854125140742    7.51492195e-14    8.56183191e-15    0.000374370258    7.41575568e-16    7.70509029e-19    4.96704268e-18    3.01655948e-20    2.87105996e-21    5.74879069e-20    1.26781038e-26    1.90779417e-20    3.52323336e-32    2.67458543e-31    6.57376996e-33    9.36465337e-39    
3.779    1236.76    1.82988912e-17    0.145499733    0.854128585079    7.48800108e-14    8.83021768e-15    0.000371681921    7.17895697e-16    7.64998357e-19    5.14777202e-18    2.91587598e-20    2.9266768e-21    5.74552604e-20    1.22500758e-26    1.8487375e-20    3.32263328e-32    2.48551986e-31    6.03362833e-33    8.58431342e-39    
3.5291    1233.01    1.77601309e-17    0.145498999    0.854131872949    7.46242505e-14    9.08516955e-15    0.000369128051    6.95520333e-16    7.58559615e-19    5.32937829e-18    2.81256129e-20    2.94583075e-21    5.70663133e-20    1.16927756e-26    1.78917799e-20    3.08748515e-32    2.28454349e-31    5.47439853e-33    7.72367351e-39    
3.294    1228.71    1.70793541e-17    0.145498286    0.854135023253    7.43801445e-14    9.32847325e-15    0.000366690747    6.74293933e-16    7.51415591e-19    5.51506083e-18    2.70741539e-20    2.91942379e-21    5.62435693e-20    1.09915045e-26    1.72834284e-20    2.81627443e-32    2.07024842e-31    4.89511506e-33    6.78823618e-39    
3.0743    1223.94    1.6284723e-17    0.14549759    0.854138056793    7.41460119e-14    9.5618061e-15    0.000364353207    6.54079946e-16    7.43758369e-19    5.70577372e-18    2.60287027e-20    2.85027438e-21    5.50229141e-20    1.01828204e-26    1.66687645e-20    2.52500131e-32    1.85169485e-31    4.31931316e-33    5.83632808e-39    
2.8687    1218.76    1.54137464e-17    0.145496911    0.854140989347    7.39202745e-14    9.78674343e-15    0.000362099653    6.34753953e-16    7.35743258e-19    5.90206977e-18    2.49933231e-20    2.74776262e-21    5.34937865e-20    9.31718779e-27    1.60543709e-20    2.23072332e-32    1.63768383e-31    3.76756533e-33    4.92424472e-39    
2.6759    1213.27    1.4504004e-17    0.145496245    0.854143836787    7.37017456e-14    1.00044709e-14    0.000359918213    6.16223677e-16    7.27498382e-19    6.10400665e-18    2.39702203e-20    2.62273158e-21    5.17555093e-20    8.44166236e-27    1.54471928e-20    1.94765251e-32    1.43537181e-31    3.25561193e-33    4.09263156e-39    
2.4951    1207.46    1.35636215e-17    0.145495596    0.854146596825    7.34902534e-14    1.02151583e-14    0.000357807175    5.98478296e-16    7.19153435e-19    6.31270605e-18    2.29617193e-20    2.4773872e-21    4.98196328e-20    7.56971858e-27    1.48473216e-20    1.67932697e-32    1.24587956e-31    2.78530591e-33    3.34788054e-39    
2.3264    1201.2    1.25770229e-17    0.145494972    0.854149236227    7.32883222e-14    1.04162843e-14    0.000355791773    5.81725108e-16    7.10919256e-19    6.52943772e-18    2.19760333e-20    2.30569674e-21    4.76113493e-20    6.69219383e-27    1.42511005e-20    1.42320229e-32    1.06702498e-31    2.3515878e-33    2.68034169e-39    
2.1683    1194.76    1.16151179e-17    0.145494379    0.854151734836    7.30973749e-14    1.06064379e-14    0.000353886164    5.66069195e-16    7.02944618e-19    6.74986689e-18    2.10018816e-20    2.13223353e-21    4.53721161e-20    5.88225612e-27    1.36765397e-20    1.1964801e-32    9.08148531e-32    1.97253378e-33    2.12599551e-39    
2.0199    1188.33    1.07211582e-17    0.145493813    0.854154112392    7.29158393e-14    1.07871928e-14    0.000352074608    5.51363606e-16    6.95228558e-19    6.97192619e-18    2.00383915e-20    1.97199022e-21    4.32579781e-20    5.17255729e-27    1.31334646e-20    1.00502693e-32    7.72407514e-32    1.65261117e-33    1.68608663e-39    
1.8806    1181.64    9.84026529e-18    0.145493271    0.85415638715    7.27421821e-14    1.09600678e-14    0.00035034185    5.37465396e-16    6.87747588e-19    7.20168002e-18    1.90951527e-20    1.80724068e-21    4.10660902e-20    4.50857365e-27    1.26031334e-20    8.34475011e-33    6.50891957e-32    1.37182608e-33    1.31876002e-39    
1.7505    1174.84    9.00706809e-18    0.14549275    0.854158572563    7.25753596e-14    1.11261089e-14    0.000348677437    5.24272579e-16    6.80483945e-19    7.43697798e-18    1.81808416e-20    1.64900011e-21    3.89130071e-20    3.91404062e-27    1.20949635e-20    6.88975991e-33    5.46056033e-32    1.1337039e-33    1.02491622e-39    
1.6288    1168.13    8.2478669e-18    0.145492247    0.854160681238    7.24144142e-14    1.12862778e-14    0.000347071762    5.1169142e-16    6.73412236e-19    7.67504761e-18    1.72912726e-20    1.50684428e-21    3.69145662e-20    3.40341283e-27    1.16163799e-20    5.69313885e-33    4.58354977e-32    9.37202125e-34    7.98085884e-40    
1.5148    1161.62    7.57511527e-18    0.145491759    0.85416272411    7.22585546e-14    1.14413695e-14    0.00034551689    4.99642695e-16    6.6650627e-19    7.91319676e-18    1.64245504e-20    1.385479e-21    3.51422536e-20    2.97770768e-27    1.11719865e-20    4.73278344e-33    3.86508494e-32    7.78000045e-34    6.26840627e-40    
1.408    1155.48    7.00071195e-18    0.145491286    0.854164707983    7.21071027e-14    1.15920663e-14    0.000344006017    4.88057391e-16    6.59739502e-19    8.14872793e-18    1.55781184e-20    1.28945998e-21    3.36744892e-20    2.63642305e-27    1.07670153e-20    3.98457759e-33    3.29131542e-32    6.51753002e-34    5.00826986e-40    
1.3086    1149.35    6.46488988e-18    0.145490824    0.854166642607    7.1959477e-14    1.17389383e-14    0.000342533393    4.76875881e-16    6.53086627e-19    8.38678956e-18    1.47673746e-20    1.19888278e-21    3.22628299e-20    2.33243933e-27    1.03815967e-20    3.34844521e-33    2.79817134e-32    5.45251607e-34    3.99580127e-40    
1.2157    1143.6    6.00980629e-18    0.145490374    0.854168530708    7.18153132e-14    1.18823645e-14    0.000341095292    4.66055759e-16    6.46529988e-19    8.61968733e-18    1.39826287e-20    1.12879193e-21    3.11197305e-20    2.08933791e-27    1.00317609e-20    2.8517439e-33    2.40368583e-32    4.60700456e-34    3.24609522e-40    
1.1288    1138.56    5.66045756e-18    0.145489933    0.854170378214    7.16743254e-14    1.20226435e-14    0.000339688786    4.55561637e-16    6.4005455e-19    8.84073878e-18    1.3216395e-20    1.08919549e-21    3.04036683e-20    1.91710458e-27    9.72882828e-21    2.49428325e-33    2.10821274e-32    3.97031031e-34    2.73111771e-40    
1.0476    1134.12    5.39320931e-18    0.14548951    0.854172155398    7.15385885e-14    1.21577064e-14    0.000338334602    4.45534066e-16    6.33754857e-19    9.04891262e-18    1.24710036e-20    1.07397181e-21    3.00429149e-20    1.79722769e-27    9.46631393e-21    2.23305382e-33    1.88305804e-32    3.4819836e-34    2.37056343e-40    
0.97234    1129.84    5.1512193e-18    0.145489113    0.854173821284    7.14114008e-14    1.22842594e-14    0.000337065716    4.36201354e-16    6.27786741e-19    9.24507241e-18    1.17578614e-20    1.06423646e-21    2.97767869e-20    1.69542732e-27    9.22536879e-21    2.00886865e-33    1.68802011e-32    3.06645072e-34    2.07512978e-40    
0.90757    1126.55    5.00097926e-18    0.145488743    0.854175374746    7.12927854e-14    1.2402298e-14    0.000335882254    4.27549192e-16    6.22156132e-19    9.41993086e-18    1.11259003e-20    1.07993534e-21    2.98821917e-20    1.64217801e-27    9.0355949e-21    1.86891645e-33    1.55705115e-32    2.78074739e-34    1.89622587e-40    
