# Abundance units (by number or mass):
@ABUNDANCE
number

# Pressure units:
@PRESSURE
bar

# Atmospheric composition:
@SPECIES
H He H2 H2O CO CH4 NH3 HCN CO2 H2CO C2H2 C2H4 NO C2H6 O2 H2O2 N2O NO2
@DATA
992.0    2189.1    1.40003104e-14    0.145651032    0.85299648879    2.86412737e-13    4.71354651e-14    0.00135247921    1.39953692e-14    2.51588147e-16    3.13267113e-17    2.44569175e-17    1.37942801e-17    2.6618767e-17    3.95807829e-21    5.31469211e-18    1.2445953e-24    3.52520376e-24    9.92858e-26    3.70808442e-29    
954.26    2168.06    1.2622111e-14    0.145651032    0.85298367705    2.87623691e-13    4.5927581e-14    0.00136529095    1.38577529e-14    2.35044228e-16    3.10839069e-17    2.30098378e-17    1.22800527e-17    2.51401699e-17    3.38289071e-21    5.19871238e-18    9.99470833e-25    2.96187481e-24    8.35387876e-26    2.86940996e-29    
917.96    2147.01    1.13590091e-14    0.145651032    0.85296943662    2.88981526e-13    4.45729307e-14    0.00137953138    1.37454849e-14    2.18866285e-16    3.07153408e-17    2.15877944e-17    1.08735621e-17    2.3686784e-17    2.87856574e-21    5.08591841e-18    7.97842383e-25    2.47974438e-24    6.99520596e-26    2.20508683e-29    
882.5    2126.0    1.01993946e-14    0.145651032    0.85295578065    2.90285268e-13    4.32721128e-14    0.00139318735    1.36219907e-14    2.03618484e-16    3.03866596e-17    2.02366591e-17    9.61152287e-18    2.22909991e-17    2.44387569e-21    4.97034527e-18    6.34949739e-25    2.06966049e-24    5.84296548e-26    1.68835613e-29    
848.12    2105.0    9.13954959e-15    0.145651032    0.85294169507    2.91635957e-13    4.19243065e-14    0.00140727293    1.35064712e-14    1.89010783e-16    3.00093227e-17    1.89323975e-17    8.4638379e-18    2.09367397e-17    2.0675995e-21    4.85479306e-18    5.0292915e-25    1.72134478e-24    4.86173561e-26    1.28550872e-29    
814.84    2083.97    8.1699731e-15    0.145651032    0.8529270029    2.93050939e-13    4.05122083e-14    0.0014219651    1.34020604e-14    1.74972149e-16    2.95684954e-17    1.7669295e-17    7.4187833e-18    1.96195544e-17    1.74195526e-21    4.73958341e-18    3.96091816e-25    1.42577574e-24    4.02679117e-26    9.72285957e-30    
782.36    2062.85    7.28395771e-15    0.145651033    0.85291178858    2.94521447e-13    3.9044592e-14    0.00143717842    1.33066672e-14    1.61498602e-16    2.90648428e-17    1.64458095e-17    6.46989248e-18    1.83356935e-17    1.46059189e-21    4.62282103e-18    3.09945279e-25    1.17535056e-24    3.31773549e-26    7.29718204e-30    
751.15    2041.72    6.47653819e-15    0.145651033    0.85289634227    2.96018809e-13    3.75500648e-14    0.00145262473    1.32179613e-14    1.48703345e-16    2.85280896e-17    1.52742609e-17    5.6191579e-18    1.71015499e-17    1.22019746e-21    4.5071286e-18    2.41292244e-25    9.64998352e-25    2.72251439e-26    5.445109e-30    
720.59    2020.33    5.73394066e-15    0.145651033    0.85288081048    2.9752761e-13    3.60440241e-14    0.00146815652    1.31276648e-14    1.36488412e-16    2.79761266e-17    1.41460851e-17    4.85318875e-18    1.59028306e-17    1.01327846e-21    4.38871752e-18    1.86344136e-25    7.8722151e-25    2.21982717e-26    4.02456617e-30    
691.27    1998.94    5.06245979e-15    0.145651034    0.85286487546    2.99079923e-13    3.44944787e-14    0.00148409054    1.30491911e-14    1.24902678e-16    2.73660892e-17    1.3065641e-17    4.17033473e-18    1.47509138e-17    8.37860216e-22    4.27128593e-18    1.43059161e-25    6.39347483e-25    1.80146752e-26    2.95454507e-30    
662.55    1977.67    4.46079418e-15    0.145651034    0.8528496197    3.00567881e-13    3.30091099e-14    0.0014993463    1.29616628e-14    1.14170964e-16    2.67829134e-17    1.20527389e-17    3.57587678e-18    1.36611918e-17    6.91061159e-22    4.15126045e-18    1.09471597e-25    5.17473326e-25    1.45762435e-26    2.15969494e-30    
634.88    1956.42    3.92068204e-15    0.145651035    0.85283396318    3.02098785e-13    3.14808424e-14    0.00151500182    1.28877542e-14    1.04026171e-16    2.61297319e-17    1.10846252e-17    3.04932721e-18    1.26155856e-17    5.67409056e-22    4.03136335e-18    8.32567121e-26    4.16924964e-25    1.1735096e-26    1.56722374e-30    
608.01    1934.93    3.4300283e-15    0.145651036    0.85281807485    3.03655327e-13    2.9926939e-14    0.00153088915    1.28197759e-14    9.44011349e-17    2.54346802e-17    1.01567165e-17    2.58218753e-18    1.16076823e-17    4.62725331e-22    3.91013585e-18    6.27410847e-26    3.33505235e-25    9.3786384e-27    1.12503919e-30    
582.07    1913.3    2.98914501e-15    0.145651036    0.85280163667    3.05269453e-13    2.83155561e-14    0.00154732733    1.27691292e-14    8.52712627e-17    2.4650829e-17    9.2660187e-18    2.16936367e-18    1.06363679e-17    3.7481531e-22    3.78814433e-18    4.68486766e-26    2.64971682e-25    7.44026228e-27    7.98912014e-31    
556.94    1891.59    2.59452502e-15    0.145651037    0.85278548523    3.06857356e-13    2.67303204e-14    0.00156347777    1.27186538e-14    7.67808278e-17    2.38602951e-17    8.42821973e-18    1.81238576e-18    9.71636698e-18    3.01955601e-22    3.6649849e-18    3.4730979e-26    2.09250348e-25    5.86779377e-27    5.62401572e-31    
532.63    1869.81    2.2434781e-15    0.145651038    0.85276929119    3.08451921e-13    2.51384446e-14    0.00157967081    1.26783225e-14    6.88572408e-17    2.30205592e-17    7.63625986e-18    1.50364069e-18    8.84258438e-18    2.41773408e-22    3.54096853e-18    2.55361911e-26    1.64160909e-25    4.59643177e-27    3.92002365e-31    
509.13    1848.04    1.93385148e-15    0.145651039    0.85275312942    3.1004562e-13    2.35474646e-14    0.00159583158    1.26500015e-14    6.15100862e-17    2.2127844e-17    6.8918902e-18    1.23908759e-18    8.01693232e-18    1.92503714e-22    3.41597024e-18    1.86369121e-26    1.28031849e-25    3.57826604e-27    2.70746937e-31    
486.41    1826.3    1.66100579e-15    0.14565104    0.85273750087    3.11588245e-13    2.200747e-14    0.00161145913    1.26219026e-14    5.47831987e-17    2.12394987e-17    6.20175979e-18    1.01569171e-18    7.24637208e-18    1.52512942e-22    3.29049993e-18    1.35144809e-26    9.92898062e-26    2.7704751e-27    1.8550089e-31    
464.44    1804.51    1.42088032e-15    0.145651041    0.85272213209    3.1310691e-13    2.04914217e-14    0.00162682691    1.26016506e-14    4.85915876e-17    2.0324402e-17    5.55815254e-18    8.26666733e-19    6.52428934e-18    1.20067075e-22    3.16468583e-18    9.71804693e-27    7.64629177e-26    2.13011157e-27    1.25797946e-31    
443.14    1782.66    1.21041516e-15    0.145651042    0.85270693864    3.14609901e-13    1.89910719e-14    0.00164201936    1.25932714e-14    4.28925978e-17    1.93661634e-17    4.95755165e-18    6.6721554e-19    5.84643172e-18    9.38417716e-23    3.03757004e-18    6.92246588e-27    5.84403056e-26    1.62486047e-27    8.4313026e-32    
422.63    1760.7    1.02605531e-15    0.145651044    0.85269199791    3.16089237e-13    1.751438e-14    0.00165695809    1.25962858e-14    3.76656e-17    1.8376593e-17    4.39961797e-18    5.33718429e-19    5.21334502e-18    7.27720614e-23    2.91009018e-18    4.88086788e-27    4.42988866e-26    1.22908589e-27    5.58050335e-32    
402.85    1738.63    8.65072321e-16    0.145651045    0.85267751444    3.17524553e-13    1.6081666e-14    0.00167144056    1.26070653e-14    3.29103335e-17    1.73796273e-17    3.88537913e-18    4.23206476e-19    4.62666816e-18    5.59850368e-23    2.78272341e-18    3.4055206e-27    3.32875304e-26    9.21729362e-28    3.64682528e-32    
383.74    1716.6    7.26628914e-16    0.145651046    0.8526635229    3.18912254e-13    1.46965483e-14    0.0016854311    1.26299886e-14    2.86214145e-17    1.6363986e-17    3.41486295e-18    3.32885122e-19    4.0869877e-18    4.2781658e-23    2.65542899e-18    2.35556261e-27    2.4832176e-26    6.86144972e-28    2.35715872e-32    
365.33    1694.61    6.07875524e-16    0.145651048    0.85265006583    3.20247836e-13    1.336352e-14    0.00169888617    1.26650929e-14    2.47673511e-17    1.53361271e-17    2.98628504e-18    2.59604371e-19    3.59247435e-18    3.24576189e-23    2.52844097e-18    1.61448292e-27    1.83858158e-26    5.06858326e-28    1.50599815e-32    
347.54    1672.59    5.05949515e-16    0.14565105    0.85263725492    3.21520073e-13    1.20937731e-14    0.00171169508    1.27088271e-14    2.13205384e-17    1.4316068e-17    2.59786685e-18    2.00631568e-19    3.14174369e-18    2.44252468e-23    2.40219297e-18    1.0949647e-27    1.34925287e-26    3.7114886e-28    9.49673888e-33    
330.48    1650.53    4.18953332e-16    0.145651051    0.85262499687    3.22738274e-13    1.08780282e-14    0.00172395213    1.2759903e-14    1.823345e-17    1.32904038e-17    2.24646717e-18    1.53454699e-19    2.73170609e-18    1.82081031e-23    2.27704159e-18    7.34219716e-28    9.81101258e-27    2.69324731e-28    5.9017246e-33    
313.93    1629.25    3.47838572e-16    0.145651053    0.85261425653    3.23805885e-13    9.81260749e-15    0.00173469047    1.28003037e-14    1.56430516e-17    1.23677511e-17    1.94597931e-18    1.1784805e-19    2.37826314e-18    1.36261323e-23    2.15620069e-18    4.95124409e-28    7.15367317e-27    1.96059188e-28    3.68737713e-33    
298.13    1608.18    2.87939661e-16    0.145651056    0.85260420386    3.24805542e-13    8.81506543e-15    0.00174474014    1.28380599e-14    1.33580428e-17    1.14646996e-17    1.67897411e-18    8.98935364e-20    2.06237538e-18    1.01311575e-23    2.03813163e-18    3.31639009e-28    5.18690049e-27    1.41963767e-28    2.28165558e-33    
282.79    1588.03    2.39426701e-16    0.145651061    0.85259572667    3.25648408e-13    7.97399446e-15    0.00175321233    1.28646552e-14    1.14810373e-17    1.06993701e-17    1.45578318e-18    6.92451858e-20    1.79653488e-18    7.60239283e-24    1.92668052e-18    2.24653049e-28    3.78590188e-27    1.03523015e-28    1.43052487e-33    
268.15    1568.28    1.99001409e-16    0.145651071    0.85258786765    3.26429646e-13    7.19449455e-15    0.00176106135    1.28894163e-14    9.83914657e-18    9.95544552e-18    1.25937317e-18    5.31600789e-20    1.56142429e-18    5.68744662e-24    1.8189109e-18    1.51808689e-28    2.75724879e-27    7.53335825e-29    8.92885723e-34    
254.05    1549.62    1.66641376e-16    0.14565109    0.85258115529    3.27096019e-13    6.52966527e-15    0.00176775471    1.28998769e-14    8.48852297e-18    9.30291569e-18    1.09521513e-18    4.12500633e-20    1.36353756e-18    4.29836873e-24    1.71741972e-18    1.04057304e-28    2.02786448e-27    5.53614809e-29    5.65878658e-34    
240.54    1531.66    1.40007396e-16    0.145651116    0.85257533687    3.2767281e-13    5.95424517e-15    0.00177354713    1.2889246e-14    7.35749307e-18    8.7327217e-18    9.55921788e-19    3.22274829e-20    1.19463127e-18    3.26584233e-24    1.62217533e-18    7.19049099e-29    1.4990375e-27    4.09129171e-29    3.61621902e-34    
227.64    1514.28    1.17887074e-16    0.145651153    0.85257017468    3.2818329e-13    5.44503445e-15    0.00177867232    1.28619662e-14    6.39150194e-18    8.21992674e-18    8.36124531e-19    2.52858635e-20    1.04877346e-18    2.48878789e-24    1.53251272e-18    4.99375494e-29    1.11145677e-27    3.03425485e-29    2.32215943e-34    
215.23    1497.87    9.99999346e-17    0.145651207    0.85256583933    3.28609771e-13    5.0196789e-15    0.00178295367    1.28205758e-14    5.59974784e-18    7.79113537e-18    7.36347137e-19    2.00996468e-20    9.26543123e-19    1.91960246e-24    1.44918753e-18    3.52349628e-29    8.33206995e-28    2.27467638e-29    1.51809887e-34    
203.41    1481.82    8.48880976e-17    0.145651277    0.85256175419    3.29009907e-13    4.62069111e-15    0.00178696881    1.2771659e-14    4.89809934e-18    7.36919276e-18    6.47733396e-19    1.59555236e-20    8.177157e-19    1.47791578e-24    1.36945563e-18    2.48442845e-29    6.2422567e-28    1.70464974e-29    9.90149012e-35    
192.09    1466.47    7.24326105e-17    0.145651372    0.8525581998    3.29354731e-13    4.27696196e-15    0.0017904282    1.27083264e-14    4.30853865e-18    7.00308454e-18    5.72414764e-19    1.27797226e-20    7.2483686e-19    1.14668311e-24    1.29505517e-18    1.77035561e-29    4.71030027e-28    1.28685755e-29    6.53367477e-35    
181.3    1452.16    6.23938631e-17    0.145651514    0.85255522539    3.29637112e-13    3.99565989e-15    0.00179326061    1.2622622e-14    3.82673002e-18    6.70672165e-18    5.10149355e-19    1.04015769e-20    6.47693073e-19    9.02575941e-25    1.2269454e-18    1.28650671e-29    3.60466472e-28    9.85309844e-30    4.40736358e-35    
171.05    1438.47    5.40119088e-17    0.145651731    0.85255250547    3.29886767e-13    3.74723516e-15    0.00179576353    1.25103661e-14    3.40834841e-18    6.44121012e-18    4.56328796e-19    8.52797432e-21    5.80835205e-19    7.14148845e-25    1.16329634e-18    9.43591448e-30    2.7770083e-28    7.59857017e-30    2.99933334e-35    
161.24    1425.34    4.69734872e-17    0.145652015    0.85255003573    3.30104888e-13    3.53047089e-15    0.00179794927    1.23738768e-14    3.04668219e-18    6.20928014e-18    4.09759085e-19    7.04529147e-21    5.22816401e-19    5.68114198e-25    1.10361652e-18    6.9823231e-30    2.15236162e-28    5.89754073e-30    2.05871664e-35    
151.95    1412.43    4.08563653e-17    0.145652324    0.85254766647    3.30310575e-13    3.32619583e-15    0.00180000953    1.22214455e-14    2.71961907e-18    5.98563162e-18    3.67868879e-19    5.82010185e-21    4.70572588e-19    4.51189724e-25    1.04692227e-18    5.1652443e-30    1.66754413e-28    4.57790151e-30    1.41057232e-35    
143.13    1399.79    3.55642351e-17    0.145652607    0.85254549684    3.30498953e-13    3.13911729e-15    0.00180189616    1.20632497e-14    2.43197011e-18    5.78060948e-18    3.30644412e-19    4.81853431e-21    4.24054401e-19    3.58782113e-25    9.93450625e-19    3.82857421e-30    1.29339567e-28    3.55828645e-30    9.68484984e-36    
134.69    1389.11    3.17078606e-17    0.145652857    0.85254425979    3.30597417e-13    3.04157315e-15    0.00180288321    1.19000241e-14    2.24331088e-18    5.71210965e-18    3.0435414e-19    4.16851449e-21    3.90863539e-19    2.97967201e-25    9.48303707e-19    2.99050005e-30    1.04184554e-28    2.86765062e-30    7.08816367e-36    
126.71    1378.9    2.83952771e-17    0.145653084    0.85254323401    3.30677074e-13    2.96271886e-15    0.00180368199    1.17343311e-14    2.08268333e-18    5.67161487e-18    2.81452105e-19    3.63709365e-21    3.61889952e-19    2.49432759e-25    9.06366385e-19    2.35873021e-30    8.44988554e-29    2.32658315e-30    5.24921584e-36    
119.14    1369.3    2.56009975e-17    0.145653296    0.85254246538    3.30732531e-13    2.90795053e-15    0.00180423862    1.15648818e-14    1.94982152e-18    5.66936244e-18    2.6203206e-19    3.21366854e-21    3.37266652e-19    2.11305427e-25    8.67835434e-19    1.88778378e-30    6.92462712e-29    1.90670861e-30    3.95645305e-36    
111.98    1359.76    2.30657897e-17    0.145653493    0.85254171939    3.30787233e-13    2.85390039e-15    0.00180478761    1.1392625e-14    1.8250001e-18    5.66784873e-18    2.4383975e-19    2.83747851e-21    3.14229369e-19    1.78730088e-25    8.30914417e-19    1.50829995e-30    5.66584785e-29    1.56064603e-30    2.97550953e-36    
105.22    1350.77    2.09116026e-17    0.145653672    0.85254119512    3.30821563e-13    2.82011014e-15    0.00180513288    1.12182422e-14    1.72163225e-18    5.70047555e-18    2.2831197e-19    2.53429437e-21    2.94528117e-19    1.52841196e-25    7.96919121e-19    1.22125394e-30    4.68005783e-29    1.2893221e-30    2.27440848e-36    
98.831    1342.54    1.91390163e-17    0.145653827    0.85254098717    3.30826643e-13    2.81541036e-15    0.00180518583    1.10424222e-14    1.64376553e-18    5.78448755e-18    2.15776218e-19    2.30298739e-21    2.78550749e-19    1.32928052e-25    7.66223175e-19    1.00914414e-30    3.92258367e-29    1.08036394e-30    1.78235314e-36    
92.77    1335.04    1.7684647e-17    0.145653954    0.85254111217    3.30801194e-13    2.84105504e-15    0.00180493383    1.08676267e-14    1.58916722e-18    5.92507268e-18    2.05881687e-19    2.13028494e-21    2.65870533e-19    1.17645615e-25    7.38507593e-19    8.51132256e-31    3.33575284e-29    9.18043953e-31    1.43270372e-36    
87.054    1327.93    1.64207718e-17    0.145654046    0.85254143648    3.30759275e-13    2.88301404e-15    0.00180451752    1.06975009e-14    1.54784725e-18    6.0991891e-18    1.97418904e-19    1.98870548e-21    2.54992292e-19    1.05084471e-25    7.12776737e-19    7.25285739e-31    2.8572472e-29    7.8566445e-31    1.16711787e-36    
81.665    1321.23    1.5327029e-17    0.145654101    0.85254198091    3.30698999e-13    2.94315857e-15    0.00180391809    1.05336015e-14    1.51989031e-18    6.31169372e-18    1.90316183e-19    1.87480095e-21    2.45815299e-19    9.48088995e-26    6.88942877e-19    6.24870061e-31    2.46630941e-29    6.77483227e-31    9.64574635e-37    
76.576    1315.24    1.44465865e-17    0.145654118    0.85254289796    3.30605195e-13    3.03659686e-15    0.00180298404    1.03755583e-14    1.5109651e-18    6.59187811e-18    1.85231915e-19    1.79950438e-21    2.39182082e-19    8.71187699e-26    6.67571554e-19    5.49678411e-31    2.16061908e-29    5.92656243e-31    8.18598658e-37    
71.789    1309.65    1.36924949e-17    0.145654096    0.85254407687    3.30489043e-13    3.15218473e-15    0.00180182713    1.02227495e-14    1.51444327e-18    6.92117423e-18    1.81285341e-19    1.74493411e-21    2.33966865e-19    8.08941589e-26    6.47831151e-19    4.89140091e-31    1.90830092e-29    5.22689876e-31    7.05321197e-37    
67.288    1304.42    1.30427216e-17    0.145654035    0.85254552146    3.30350153e-13    3.29030678e-15    0.00180044354    1.00744412e-14    1.52917375e-18    7.30194619e-18    1.78310462e-19    1.70762357e-21    2.29960369e-19    7.58225081e-26    6.29508537e-19    4.39749708e-31    1.69761976e-29    4.64359773e-31    6.16028023e-37    
63.044    1299.63    1.25010598e-17    0.145653935    0.85254730317    3.3018137e-13    3.45808691e-15    0.00179876183    9.93044152e-15    1.55693583e-18    7.74952725e-18    1.76453608e-19    1.69039117e-21    2.27362156e-19    7.19026156e-26    6.12642932e-19    4.00439693e-31    1.52378933e-29    4.16269624e-31    5.4715101e-37    
59.059    1295.2    1.20451923e-17    0.145653795    0.85254941736    3.29983255e-13    3.65496262e-15    0.00179678764    9.79122488e-15    1.59702562e-18    8.26446299e-18    1.75516417e-19    1.68937186e-21    2.25902767e-19    6.8862773e-26    5.97021778e-19    3.68571862e-31    1.37815937e-29    3.76061329e-31    4.92980865e-37    
55.313    1291.08    1.16588843e-17    0.145653619    0.85255187739    3.29754067e-13    3.88266996e-15    0.00179450361    9.65710889e-15    1.64960421e-18    8.852282e-18    1.7537673e-19    1.70245108e-21    2.25413115e-19    6.65260283e-26    5.82435272e-19    3.42342571e-31    1.25438302e-29    3.41980219e-31    4.49733535e-37    
51.787    1287.31    1.13437855e-17    0.145653406    0.85255476036    3.29486182e-13    4.14879851e-15    0.00179183364    9.5275777e-15    1.71680486e-18    9.52992107e-18    1.76147047e-19    1.73202421e-21    2.26015437e-19    6.49047154e-26    5.68862281e-19    3.21316161e-31    1.15004551e-29    3.133249e-31    4.16103428e-37    
48.477    1284.02    1.11205642e-17    0.145653157    0.85255818353    3.29167756e-13    4.46514866e-15    0.00178865947    9.40175009e-15    1.80092919e-18    1.03209196e-17    1.78084331e-19    1.78585962e-21    2.28164195e-19    6.42059126e-26    5.5653429e-19    3.06263472e-31    1.06606777e-29    2.90289883e-31    3.92810449e-37    
45.376    1280.92    1.09311171e-17    0.145652873    0.85256203287    3.28810101e-13    4.82044666e-15    0.00178509413    9.27907066e-15    1.89898233e-18    1.12068065e-17    1.80556415e-19    1.8498526e-21    2.30864014e-19    6.38281954e-26    5.44756278e-19    2.93351938e-31    9.91622956e-30    2.70005025e-31    3.73475804e-37    
42.471    1278.01    1.07766005e-17    0.145652555    0.85256637271    3.28406672e-13    5.22120949e-15    0.00178107229    9.15904356e-15    2.0125068e-18    1.22025002e-17    1.83615189e-19    1.92578365e-21    2.3417649e-19    6.37923319e-26    5.33496736e-19    2.82513605e-31    9.25893721e-30    2.52214048e-31    3.57844817e-37    
39.738    1275.43    1.06804814e-17    0.145652201    0.85257137552    3.27940395e-13    5.68444216e-15    0.00177642348    9.04120867e-15    2.14557877e-18    1.33429013e-17    1.87567617e-19    2.02357324e-21    2.3863014e-19    6.43731554e-26    5.22932902e-19    2.74916697e-31    8.7086339e-30    2.3740209e-31    3.47648673e-37    
37.179    1273.13    1.06334727e-17    0.145651814    0.85257709003    3.27406083e-13    6.21530937e-15    0.00177109597    8.92545991e-15    2.29995475e-18    1.46400348e-17    1.9236245e-19    2.14257285e-21    2.4407071e-19    6.54868915e-26    5.12926696e-19    2.69884516e-31    8.24308004e-30    2.24969139e-31    3.41747534e-37    
34.781    1271.01    1.06157114e-17    0.145651397    0.85258352726    3.26802333e-13    6.81521141e-15    0.00176507574    8.81235499e-15    2.47600522e-18    1.61000239e-17    1.97782652e-19    2.27858808e-21    2.50142892e-19    6.69475959e-26    5.03196438e-19    2.66234821e-31    7.82921103e-30    2.1402209e-31    3.38309822e-37    
32.53    1269.03    1.06233415e-17    0.145650954    0.85259075998    3.26121454e-13    7.49181119e-15    0.00175828602    8.70217161e-15    2.67541338e-18    1.77405573e-17    2.03790891e-19    2.43239291e-21    2.5679086e-19    6.87381262e-26    4.93636985e-19    2.63705996e-31    7.45713454e-30    2.04281836e-31    3.36946786e-37    
30.421    1267.3    1.06759305e-17    0.145650485    0.85259894053    3.2534819e-13    8.26031167e-15    0.00175057447    8.59448459e-15    2.90168139e-18    1.95897966e-17    2.10536365e-19    2.61423684e-21    2.64441768e-19    7.11076529e-26    4.843999e-19    2.63291831e-31    7.14391492e-30    1.96192685e-31    3.39233284e-37    
28.448    1265.69    1.07495168e-17    0.14564999    0.85260811531    3.24477886e-13    9.12533888e-15    0.00174189469    8.48885814e-15    3.15717141e-18    2.16618115e-17    2.17893493e-19    2.81658668e-21    2.72557235e-19    7.3795325e-26    4.75163326e-19    2.63670524e-31    6.85900437e-30    1.88942166e-31    3.43097738e-37    
26.603    1264.23    1.0849852e-17    0.14564947    0.85261842102    3.23496748e-13    1.01006344e-14    0.00173210898    8.38496798e-15    3.44548816e-18    2.39835797e-17    2.25902558e-19    3.04429528e-21    2.81248414e-19    7.68941427e-26    4.65910405e-19    2.65110414e-31    6.60493236e-30    1.82593244e-31    3.49007175e-37    
24.873    1263.0    1.09945872e-17    0.145648924    0.8526300305    3.22387573e-13    1.12033454e-14    0.0017210455    8.282509e-15    3.7709465e-18    2.65837009e-17    2.34611905e-19    3.30963964e-21    2.90918196e-19    8.06679488e-26    4.56726779e-19    2.68494807e-31    6.39418616e-30    1.77482711e-31    3.58488664e-37    
23.257    1261.84    1.11543653e-17    0.145648353    0.85264301017    3.21143597e-13    1.24401982e-14    0.00170863683    8.18124438e-15    4.13707946e-18    2.94813497e-17    2.43910045e-19    3.59997856e-21    3.00806875e-19    8.47613518e-26    4.47247777e-19    2.72251917e-31    6.19617921e-30    1.72794244e-31    3.69027827e-37    
21.744    1260.73    1.13273449e-17    0.145647759    0.85265752521    3.19748077e-13    1.38278727e-14    0.00169471579    8.08102847e-15    4.54907294e-18    3.27092266e-17    2.53794989e-19    3.91588383e-21    3.1079718e-19    8.91696373e-26    4.37362048e-19    2.76240838e-31    6.00723426e-30    1.68428971e-31    3.80441739e-37    
20.327    1259.69    1.15178696e-17    0.145647142    0.85267378949    3.18179593e-13    1.53877182e-14    0.00167906851    7.9820342e-15    5.01259779e-18    3.63055072e-17    2.64326168e-19    4.2609293e-21    3.20880002e-19    9.39732014e-26    4.27009575e-19    2.80636491e-31    5.82941192e-30    1.64446851e-31    3.93093696e-37    
19.005    1258.81    1.17429461e-17    0.145646511    0.85269195855    3.16421688e-13    1.71361742e-14    0.00166153045    7.8850092e-15    5.53078459e-18    4.02863858e-17    2.75491169e-19    4.64706944e-21    3.31340062e-19    9.94494307e-26    4.16287329e-19    2.86290916e-31    5.67524814e-30    1.61198343e-31    4.08567985e-37    
17.763    1258.06    1.20002922e-17    0.145645874    0.85271201895    3.14474928e-13    1.90727294e-14    0.00164210705    7.79111223e-15    6.1015156e-18    4.46374799e-17    2.8684811e-19    5.07882075e-21    3.42135309e-19    1.05662859e-25    4.0513938e-19    2.93044562e-31    5.53859129e-30    1.58521252e-31    4.26860755e-37    
16.601    1257.37    1.22765454e-17    0.145645236    0.85273395917    3.12339977e-13    2.11967514e-14    0.00162080483    7.70059791e-15    6.72407291e-18    4.93473798e-17    2.98191583e-19    5.54795146e-21    3.52789512e-19    1.12446998e-25    3.934586e-19    3.00178804e-31    5.40862863e-30    1.56123161e-31    4.46804401e-37    
15.516    1256.71    1.25667505e-17    0.145644596    0.85275791797    3.10003045e-13    2.35219984e-14    0.00159748603    7.61286575e-15    7.40189294e-18    5.44306431e-17    3.09517738e-19    6.04974499e-21    3.62977573e-19    1.19736361e-25    3.81151861e-19    3.07376519e-31    5.28107243e-30    1.53895349e-31    4.67866459e-37    
14.501    1256.21    1.28976141e-17    0.145643956    0.85278386022    3.07467494e-13    2.60452073e-14    0.00157218378    7.52804116e-15    8.13202009e-18    5.98417867e-17    3.20511788e-19    6.60949805e-21    3.73326275e-19    1.28049719e-25    3.68450956e-19    3.16004156e-31    5.17256639e-30    1.52322967e-31    4.92789182e-37    
13.552    1255.69    1.32343291e-17    0.145643326    0.85281136894    3.04774098e-13    2.87257924e-14    0.00154530506    7.44699262e-15    8.90093505e-18    6.54974246e-17    3.30598658e-19    7.20012122e-21    3.8294472e-19    1.36861071e-25    3.5528389e-19    3.2429025e-31    5.06057121e-30    1.50752229e-31    5.18327649e-37    
12.666    1255.18    1.35817078e-17    0.145642713    0.85283993027    3.01973658e-13    3.15132207e-14    0.00151735673    7.37047168e-15    9.69218164e-18    7.12737315e-17    3.39196116e-19    7.82979827e-21    3.92089888e-19    1.46327398e-25    3.41937467e-19    3.32575115e-31    4.95010754e-30    1.49312137e-31    5.4519645e-37    
11.839    1254.72    1.39505868e-17    0.145642119    0.85286926497    2.9909397e-13    3.43798534e-14    0.00148861603    7.29822077e-15    1.04968207e-17    7.7093313e-17    3.4610591e-19    8.5129927e-21    4.01086079e-19    1.5671968e-25    3.28610882e-19    3.41470824e-31    4.84823399e-30    1.48215651e-31    5.74702312e-37    
11.062    1254.37    1.43555153e-17    0.145641538    0.85289927364    2.9614561e-13    3.73151892e-14    0.00145918836    7.22944876e-15    1.1311104e-17    8.29138571e-17    3.51210006e-19    9.27406272e-21    4.10366652e-19    1.68451106e-25    3.1540742e-19    3.51721423e-31    4.76092898e-30    1.47672976e-31    6.08642964e-37    
10.337    1254.05    1.47783556e-17    0.145640974    0.85292942008    2.93181882e-13    4.02661278e-14    0.00142960592    7.16430722e-15    1.21194094e-17    8.8637072e-17    3.54341937e-19    1.00997837e-20    4.19569063e-19    1.81249151e-25    3.02443656e-19    3.62521117e-31    4.68006852e-30    1.4743737e-31    6.45413835e-37    
9.6603    1253.74    1.52150895e-17    0.145640431    0.85295908594    2.90264322e-13    4.31713708e-14    0.00140048306    7.1030759e-15    1.29037874e-17    9.41500174e-17    3.55240407e-19    1.0997761e-20    4.28890028e-19    1.95159677e-25    2.89939157e-19    3.73828936e-31    4.60525589e-30    1.47493538e-31    6.85025593e-37    
9.0282    1253.37    1.56484299e-17    0.145639907    0.85298801237    2.87419026e-13    4.60048646e-14    0.00137208063    7.04529593e-15    1.3656152e-17    9.94277339e-17    3.54011652e-19    1.19548791e-20    4.38033864e-19    2.09876808e-25    2.77892594e-19    3.84831752e-31    4.52890415e-30    1.47604505e-31    7.25640905e-37    
8.4356    1253.12    1.61255271e-17    0.145639398    0.85301604826    2.84661566e-13    4.87511547e-14    0.00134455374    6.99042851e-15    1.43711273e-17    1.0440821e-16    3.50710057e-19    1.30502945e-20    4.48402739e-19    2.26673817e-25    2.66550633e-19    3.98055274e-31    4.47279689e-30    1.48523969e-31    7.73382136e-37    
7.8825    1252.84    1.66045538e-17    0.145638908    0.85304266259    2.8204467e-13    5.13576065e-14    0.00131842941    6.9387176e-15    1.50332985e-17    1.09048251e-16    3.4543719e-19    1.42437324e-20    4.5921514e-19    2.44687786e-25    2.55903379e-19    4.11533398e-31    4.41967865e-30    1.49684928e-31    8.23680613e-37    
7.3667    1252.46    1.70692177e-17    0.14563844    0.85306739333    2.79614278e-13    5.37783809e-14    0.00129416667    6.89038585e-15    1.5629549e-17    1.13302037e-16    3.3828283e-19    1.55291754e-20    4.7044164e-19    2.63608527e-25    2.46040259e-19    4.24619205e-31    4.36499517e-30    1.50922415e-31    8.74837155e-37    
6.8837    1252.03    1.75282005e-17    0.145637991    0.85309016227    2.77378508e-13    5.60053542e-14    0.00127184673    6.84504444e-15    1.61569701e-17    1.17169785e-16    3.29446019e-19    1.69401328e-20    4.82566113e-19    2.83784837e-25    2.36989388e-19    4.37852554e-31    4.31297659e-30    1.52409659e-31    9.28206117e-37    
6.4321    1251.48    1.79644167e-17    0.145637559    0.85311096088    2.75338372e-13    5.80374373e-14    0.00125148012    6.80226695e-15    1.66145983e-17    1.20685193e-16    3.192837e-19    1.84610367e-20    4.95283095e-19    3.04768721e-25    2.28671424e-19    4.50413392e-31    4.25801883e-30    1.53951302e-31    9.81454936e-37    
6.0098    1250.76    1.83572797e-17    0.145637141    0.85312981525    2.73491515e-13    5.98768942e-14    0.00123304375    6.76165844e-15    1.70023888e-17    1.23890256e-16    3.08100178e-19    2.00645332e-20    5.08201335e-19    3.25917693e-25    2.20996037e-19    4.61269293e-31    4.19365728e-30    1.55292125e-31    1.03141417e-36    
5.6148    1249.81    1.86881047e-17    0.145636733    0.85314676264    2.71834568e-13    6.15270088e-14    0.00121650436    6.72289758e-15    1.73207967e-17    1.26824892e-16    2.96161596e-19    2.17181871e-20    5.20961691e-19    3.4653168e-25    2.13889631e-19    4.69479321e-31    4.11492397e-30    1.56199323e-31    1.07487542e-36    
5.2454    1248.48    1.89017139e-17    0.145636335    0.8531618289    2.70364865e-13    6.29902936e-14    0.0012018361    6.68577522e-15    1.75706571e-17    1.29563803e-16    2.83723757e-19    2.32988844e-20    5.3223262e-19    3.64539247e-25    2.07189484e-19    4.72195297e-31    4.00494068e-30    1.55888649e-31    1.10274579e-36    
4.9004    1246.86    1.90256145e-17    0.145635945    0.85317507524    2.69076496e-13    6.4272669e-14    0.00118897976    6.65013036e-15    1.77546956e-17    1.32100107e-16    2.70979816e-19    2.48444736e-20    5.42732917e-19    3.80511487e-25    2.00968051e-19    4.70973221e-31    3.87681876e-30    1.5479603e-31    1.11861396e-36    
4.5778    1244.9    1.90430336e-17    0.145635568    0.85318644474    2.67974637e-13    6.53689255e-14    0.00117798726    6.61623915e-15    1.7875307e-17    1.34455835e-16    2.58040591e-19    2.63030649e-20    5.52139339e-19    3.93597246e-25    1.95196645e-19    4.6510593e-31    3.72770702e-30    1.52696464e-31    1.11970742e-36    
4.2757    1242.51    1.89225783e-17    0.145635208    0.85319590856    2.67061735e-13    6.62765415e-14    0.00116888344    6.58453429e-15    1.79378133e-17    1.36674624e-16    2.45016451e-19    2.75729766e-20    5.59653659e-19    4.02331952e-25    1.89799054e-19    4.53220873e-31    3.55066143e-30    1.49148483e-31    1.1012632e-36    
3.9934    1239.5    1.86069631e-17    0.145634867    0.85320366619    2.66317538e-13    6.70155517e-14    0.00116146681    6.55488816e-15    1.79516398e-17    1.38864988e-16    2.32154222e-19    2.84417033e-20    5.63339567e-19    4.0400925e-25    1.84570505e-19    4.32804771e-31    3.33229317e-30    1.43326616e-31    1.05494294e-36    
3.7293    1236.04    1.81592373e-17    0.145634539    0.8532099986    2.65714565e-13    6.76134435e-14    0.0011554624    6.52693495e-15    1.79270248e-17    1.4101973e-16    2.1954976e-19    2.90132235e-20    5.64468982e-19    4.0060687e-25    1.79569192e-19    4.07458344e-31    3.09517434e-30    1.36174154e-31    9.91779579e-37    
3.4818    1232.17    1.75966503e-17    0.145634225    0.85321513765    2.65229503e-13    6.80934533e-14    0.00115063735    6.50039442e-15    1.78730337e-17    1.43173937e-16    2.07293598e-19    2.92836063e-20    5.63087125e-19    3.92522728e-25    1.74745753e-19    3.78429152e-31    2.84648267e-30    1.27961469e-31    9.15903538e-37    
3.2493    1227.86    1.69261159e-17    0.14563392    0.85321928516    2.64842631e-13    6.84752083e-14    0.00114679484    6.47506243e-15    1.77975886e-17    1.45373243e-16    1.95433105e-19    2.92274293e-20    5.58973088e-19    3.79866171e-25    1.70032102e-19    3.46479691e-31    2.58994292e-30    1.1882079e-31    8.30154289e-37    
3.0321    1222.94    1.61043924e-17    0.145633625    0.85322261225    2.64536628e-13    6.87758091e-14    0.00114376275    6.45077102e-15    1.77074994e-17    1.47725635e-16    1.84129591e-19    2.86435814e-20    5.50149307e-19    3.60688736e-25    1.6525731e-19    3.10382895e-31    2.3178498e-30    1.08233133e-31    7.31390527e-37    
2.8287    1217.66    1.52233057e-17    0.145633337    0.85322527794    2.64295967e-13    6.90109053e-14    0.00114138506    6.42737221e-15    1.76086699e-17    1.50168748e-16    1.73330918e-19    2.77834364e-20    5.38966521e-19    3.3870489e-25    1.60567483e-19    2.74526106e-31    2.05446509e-30    9.75062032e-32    6.33715099e-37    
2.638    1212.09    1.43126127e-17    0.145633057    0.85322740954    2.64107821e-13    6.91933185e-14    0.00113953346    6.40477512e-15    1.75058476e-17    1.52704143e-16    1.63042603e-19    2.67198524e-20    5.26005993e-19    3.15149088e-25    1.55976084e-19    2.40243094e-31    1.80636644e-30    8.70388454e-32    5.41499052e-37    
2.4594    1206.26    1.33884167e-17    0.145632785    0.85322910859    2.63962025e-13    6.93331804e-14    0.00113810641    6.38299138e-15    1.74029938e-17    1.55349298e-16    1.53267164e-19    2.54908844e-20    5.11503454e-19    2.90721839e-25    1.5147469e-19    2.08145252e-31    1.57608838e-30    7.70231837e-32    4.56710734e-37    
2.2927    1199.86    1.23895065e-17    0.145632525    0.85323044333    2.63851212e-13    6.94375798e-14    0.00113703167    6.36231481e-15    1.73043453e-17    1.58248419e-16    1.44081776e-19    2.38659042e-20    4.92890864e-19    2.63151128e-25    1.46857636e-19    1.7640383e-31    1.35181906e-30    6.67909508e-32    3.74446937e-37    
2.1363    1193.42    1.14483439e-17    0.145632279    0.85323149109    2.63767656e-13    6.95146251e-14    0.00113622991    6.34284307e-15    1.72123686e-17    1.61212007e-16    1.35345751e-19    2.23077663e-20    4.74745694e-19    2.3770432e-25    1.42435837e-19    1.49093687e-31    1.15697431e-30    5.78133651e-32    3.05949302e-37    
1.9895    1186.91    1.05590142e-17    0.145632043    0.85323232964    2.63703952e-13    6.95716668e-14    0.00113562736    6.32435509e-15    1.71271002e-17    1.64264495e-16    1.27058369e-19    2.080004e-20    4.56854124e-19    2.14115154e-25    1.38172828e-19    1.25547495e-31    9.87290979e-31    4.99098201e-32    2.48845595e-37    
1.852    1180.2    9.69387929e-18    0.145631818    0.85323301037    2.63654779e-13    6.96138674e-14    0.00113517163    6.30670153e-15    1.70483367e-17    1.67483191e-16    1.19230268e-19    1.92484884e-20    4.38093508e-19    1.91370758e-25    1.33967405e-19    1.04715706e-31    8.36098331e-31    4.2730694e-32    1.99997681e-37    
1.7235    1173.37    8.87123154e-18    0.1456316    0.85323357627    2.63616268e-13    6.96451511e-14    0.00113482373    6.28977212e-15    1.69756997e-17    1.7083881e-16    1.1186442e-19    1.77183486e-20    4.19100339e-19    1.70118457e-25    1.29865338e-19    8.67605543e-32    7.04302461e-31    3.63801509e-32    1.5942486e-37    
1.6033    1166.68    8.1323652e-18    0.145631389    0.85323405657    2.63585611e-13    6.96685458e-14    0.00113455443    6.27346223e-15    1.69086119e-17    1.74219923e-16    1.04887157e-19    1.63714859e-20    4.01814305e-19    1.51755486e-25    1.26001204e-19    7.21336164e-32    5.94795756e-31    3.11116137e-32    1.27703419e-37    
1.4906    1160.26    7.48580864e-18    0.145631185    0.85323447217    2.63560778e-13    6.96862006e-14    0.00113434283    6.25768627e-15    1.68464561e-17    1.7756632e-16    9.82668276e-20    1.52506381e-20    3.86942033e-19    1.36437682e-25    1.22425113e-19    6.0476416e-32    5.05520531e-31    2.68598614e-32    1.03449407e-37    
1.3853    1154.11    6.91966052e-18    0.145630985    0.85323484099    2.63540276e-13    6.96996052e-14    0.00113417401    6.24236968e-15    1.6788618e-17    1.8087842e-16    9.19984837e-20    1.43231918e-20    3.74267272e-19    1.236369e-25    1.19118359e-19    5.11325621e-32    4.32411316e-31    2.34167152e-32    8.47603197e-38    
1.2872    1147.97    6.39122721e-18    0.145630791    0.85323517168    2.63522963e-13    6.97097653e-14    0.00113403732    6.22744891e-15    1.67345315e-17    1.84223011e-16    8.6122626e-20    1.34360946e-20    3.61891262e-19    1.11916857e-25    1.15938868e-19    4.31476254e-32    3.69229081e-31    2.04064867e-32    6.93259878e-38    
1.1956    1142.34    5.956644e-18    0.145630599    0.85323547644    2.6350825e-13    6.97177098e-14    0.00113392456    6.21287497e-15    1.66837037e-17    1.87380012e-16    8.0543823e-20    1.2818582e-20    3.53021512e-19    1.03002132e-25    1.13125537e-19    3.70819889e-32    3.19771088e-31    1.81448896e-32    5.80901672e-38    
1.1097    1137.54    5.63935857e-18    0.145630412    0.85323575796    2.63495698e-13    6.97241308e-14    0.00113383004    6.19861115e-15    1.66357276e-17    1.90222495e-16    7.52058895e-20    1.25910764e-20    3.49561209e-19    9.75339255e-26    1.10809992e-19    3.29030189e-32    2.83914609e-31    1.66992247e-32    5.0742744e-38    
1.0297    1133.14    5.37804948e-18    0.145630232    0.85323601601    2.63485019e-13    6.97291106e-14    0.00113375199    6.18496229e-15    1.65913616e-17    1.928578e-16    7.01762227e-20    1.25359902e-20    3.48591886e-19    9.3615332e-26    1.08764843e-19    2.96225956e-32    2.54923309e-31    1.56402795e-32    4.5204717e-38    
0.95674    1129.05    5.15497645e-18    0.145630063    0.8532362483    2.63476057e-13    6.97328411e-14    0.0011336887    6.17221636e-15    1.6551248e-17    1.95272625e-16    6.55416483e-20    1.25810149e-20    3.49113991e-19    9.06607512e-26    1.06939753e-19    2.6939538e-32    2.30761592e-31    1.48337816e-32    4.0831042e-38    
0.89305    1125.78    5.00799745e-18    0.145629905    0.85323645811    2.63468588e-13    6.97357448e-14    0.00113363689    6.16027475e-15    1.65148044e-17    1.97366417e-16    6.14389086e-20    1.2870861e-20    3.53092975e-19    8.96644575e-26    1.05534232e-19    2.51817378e-32    2.13801056e-31    1.44652285e-32    3.81776078e-38    
0.8335    1122.82    4.89322553e-18    0.145629755    0.85323665078    2.63462211e-13    6.97378988e-14    0.00113359422    6.1489971e-15    1.64814067e-17    1.99298841e-16    5.7567178e-20    1.33070913e-20    3.59075537e-19    8.96268983e-26    1.04305902e-19    2.38038954e-32    1.99809761e-31    1.43133187e-32    3.62514475e-38    
