# Abundance units (by number or mass):
@ABUNDANCE
number

# Pressure units:
@PRESSURE
bar

# Atmospheric composition:
@SPECIES
H He H2 H2O CO CH4 NH3 HCN CO2 H2CO C2H2 C2H4 NO C2H6 O2 H2O2 N2O NO2
@DATA
992.0    2225.19    1.9045919e-14    0.145505247    0.854454408466    7.9691398e-14    4.03445334e-05    4.17559453e-14    5.95905567e-15    3.99139307e-17    7.03114406e-19    1.15538379e-23    4.00509795e-22    2.39973844e-18    6.83573223e-22    4.44688601e-19    1.55917613e-25    3.6367001e-25    7.12998159e-27    2.30350783e-30    
905.0    2174.87    1.50016412e-14    0.145510495    0.854452113293    7.99896992e-14    3.73917065e-05    4.20939525e-14    5.87237658e-15    3.4010929e-17    6.75060712e-19    7.29496102e-24    2.40652555e-22    2.06428921e-18    4.71731433e-22    4.15323225e-19    9.17743591e-26    2.32879561e-25    4.74669334e-27    1.2480982e-30    
825.0    2125.37    1.17225312e-14    0.145513679    0.854451931717    8.02924554e-14    3.43892833e-05    4.24301586e-14    5.79143866e-15    2.87264685e-17    6.44057118e-19    4.52872078e-24    1.41491899e-22    1.76091296e-18    3.21295639e-22    3.86514906e-19    5.30607545e-26    1.47161913e-25    3.11688421e-27    6.62718419e-31    
752.0    2076.68    9.08241147e-15    0.145516408    0.854452255635    8.05998571e-14    3.13363647e-05    4.27655323e-14    5.71905493e-15    2.40237307e-17    6.09696828e-19    2.76113016e-24    8.12438025e-23    1.48831072e-18    2.15784747e-22    3.58415546e-19    3.00972147e-26    9.17349805e-26    2.01719056e-27    3.44467203e-31    
686.0    2028.81    6.97230015e-15    0.145518779    0.854452986855    8.091187e-14    2.82341453e-05    4.31007568e-14    5.65881658e-15    1.98650281e-17    5.7155412e-19    1.65100777e-24    4.54475413e-23    1.24497241e-18    1.42746224e-22    3.31154609e-19    1.67241789e-26    5.63862075e-26    1.28551663e-27    1.75038098e-31    
625.0    1981.75    5.30738989e-15    0.145520799    0.854453963963    8.12130785e-14    2.52370368e-05    4.34209553e-14    5.60304627e-15    1.62763119e-17    5.32271454e-19    9.69148253e-25    2.48355613e-23    1.03186345e-18    9.31160295e-23    3.04627547e-19    9.11387147e-27    3.41480143e-26    8.07347273e-28    8.70148046e-32    
570.0    1935.51    4.00041844e-15    0.145522564    0.854455158984    8.15103674e-14    2.22770157e-05    4.37336953e-14    5.56065413e-15    1.31734539e-17    4.90254121e-19    5.57051475e-25    1.3192988e-23    8.45544053e-19    5.97655018e-23    2.79078639e-19    4.85762241e-27    2.03705435e-26    4.98810563e-28    4.22200548e-32    
520.0    1890.09    2.98601105e-15    0.145524094    0.854456469881    8.17955589e-14    1.94361191e-05    4.40312996e-14    5.52913095e-15    1.05376235e-17    4.46974246e-19    3.13488547e-25    6.81518276e-24    6.85096085e-19    3.77471934e-23    2.54521472e-19    2.53207129e-27    1.19624952e-26    3.03182955e-28    1.99900691e-32    
474.0    1845.47    2.20775722e-15    0.145525404    0.854457806719    8.2061178e-14    1.67892809e-05    4.43067586e-14    5.50446574e-15    8.33925871e-18    4.04056692e-19    1.72774709e-25    3.42740442e-24    5.49158573e-19    2.34682948e-23    2.30990903e-19    1.29113937e-27    6.91092709e-27    1.81317899e-28    9.23601059e-33    
432.0    1801.67    1.61594598e-15    0.145526534    0.854459129321    8.23072404e-14    1.43366792e-05    4.45605416e-14    5.48936263e-15    6.52184924e-18    3.61620185e-19    9.31440769e-26    1.67471184e-24    4.35107991e-19    1.43492602e-23    2.08604594e-19    6.43237801e-28    3.92612036e-27    1.06608425e-28    4.15930433e-33    
394.0    1758.67    1.1700234e-15    0.145527518    0.854460404416    8.25338473e-14    1.20775834e-05    4.47931404e-14    5.48736936e-15    5.03324182e-18    3.19790786e-19    4.90457618e-26    7.93052647e-25    3.40377726e-19    8.61810326e-24    1.87452543e-19    3.12603814e-28    2.19226041e-27    6.15624817e-29    1.82303064e-33    
359.0    1716.48    8.38473266e-16    0.145528357    0.854461576702    8.27355699e-14    1.00662974e-05    4.4999441e-14    5.49247125e-15    3.83995282e-18    2.80237944e-19    2.52468131e-26    3.64806272e-25    2.63208492e-19    5.08843764e-24    1.67560424e-19    1.48328566e-28    1.20244985e-27    3.49330805e-29    7.78085689e-34    
327.0    1675.09    5.9433757e-16    0.145529077    0.854462634672    8.29138778e-14    8.28832774e-06    4.51812052e-14    5.50732853e-15    2.89281448e-18    2.43010732e-19    1.26892685e-26    1.62682653e-25    2.01025203e-19    2.95058177e-24    1.48993263e-19    6.86264078e-29    6.47558195e-28    1.94609348e-29    3.22975611e-34    
298.0    1634.48    4.16394204e-16    0.145529704    0.854463567154    8.30702715e-14    6.72884552e-06    4.5340174e-14    5.53541291e-15    2.14894653e-18    2.08147665e-19    6.21826193e-27    7.01584451e-26    1.51481479e-19    1.67828568e-24    1.31788767e-19    3.09125151e-29    3.42231988e-28    1.06327287e-29    1.3019542e-34    
272.0    1594.67    2.88094329e-16    0.14553026    0.854464366606    8.32062119e-14    5.37339436e-06    4.54780042e-14    5.58118416e-15    1.57141516e-18    1.75696657e-19    2.96609977e-27    2.91755229e-26    1.12478544e-19    9.35101621e-25    1.15960031e-19    1.35332347e-29    1.77417413e-28    5.69057743e-30    5.08863585e-35    
248.0    1556.63    1.99224844e-16    0.145530705    0.854465007068    8.33150757e-14    4.28793206e-06    4.55881981e-14    5.62441992e-15    1.14782444e-18    1.48260227e-19    1.41071026e-27    1.20871871e-26    8.33425061e-20    5.20242621e-25    1.01825528e-19    5.91164653e-30    9.17583068e-29    3.04133239e-30    1.98367065e-35    
226.0    1521.45    1.39610235e-16    0.145531032    0.854465503729    8.33976777e-14    3.46427095e-06    4.56717076e-14    5.65371253e-15    8.49516229e-19    1.26477233e-19    6.88009454e-28    5.16877694e-27    6.24346016e-20    2.95461205e-25    8.96523886e-20    2.65719348e-30    4.84198284e-29    1.66090954e-30    7.9808816e-36    
206.0    1488.91    9.91592998e-17    0.145531272    0.85446589599    8.34610795e-14    2.83200943e-06    4.5735736e-14    5.67124602e-15    6.36991299e-19    1.09007392e-19    3.44335984e-28    2.28264485e-27    4.72993158e-20    1.71367072e-25    7.91914206e-20    1.2298421e-30    2.60971337e-29    9.27361709e-31    3.31719737e-36    
188.0    1458.83    7.13884792e-17    0.145531449    0.854466210981    8.35104106e-14    2.34001917e-06    4.5785505e-14    5.68013751e-15    4.83681132e-19    9.4807601e-20    1.76933689e-28    1.04106817e-27    3.6234679e-20    1.01527773e-25    7.02131445e-20    5.86391104e-31    1.43817266e-29    5.29598759e-31    1.4255022e-36    
171.0    1431.04    5.22478075e-17    0.145531543    0.854466483218    8.35471117e-14    1.97378231e-06    4.58225216e-14    5.66221021e-15    3.74478105e-19    8.40292165e-20    9.39051146e-29    4.95815472e-28    2.82203241e-20    6.17413338e-26    6.25068441e-20    2.89776872e-31    8.11210054e-30    3.10594838e-31    6.3677101e-37    
156.0    1405.4    3.8775584e-17    0.145531608    0.854466712237    8.35765699e-14    1.67976243e-06    4.58522083e-14    5.64100258e-15    2.9341274e-19    7.50058995e-20    5.12340865e-29    2.43998424e-28    2.22248449e-20    3.83813603e-26    5.59011972e-20    1.47713999e-31    4.68876584e-30    1.86502497e-31    2.946447e-37    
143.0    1381.79    2.91709597e-17    0.145531659    0.854466902881    8.360078e-14    1.43811901e-06    4.58765843e-14    5.62290254e-15    2.32264098e-19    6.72232479e-20    2.87209159e-29    1.23839369e-28    1.76798314e-20    2.43773409e-26    5.02385376e-20    7.7634416e-32    2.77974231e-30    1.14636684e-31    1.41221818e-37    
130.0    1360.07    2.24047651e-17    0.145531617    0.854467110776    8.36173561e-14    1.27222349e-06    4.58932999e-14    5.5574794e-15    1.89106658e-19    6.21233365e-20    1.6780466e-29    6.6648628e-29    1.44012025e-20    1.60040915e-26    4.53762218e-20    4.26770953e-32    1.69179813e-30    7.28004412e-32    7.09658288e-38    
118.0    1340.16    1.7517025e-17    0.145531531    0.854467320946    8.36297308e-14    1.14805406e-06    4.59057924e-14    5.47042155e-15    1.57036809e-19    5.84356232e-20    1.01608326e-29    3.75808193e-29    1.1938601e-20    1.08081196e-26    4.12039429e-20    2.4400601e-32    1.05790607e-30    4.75870582e-32    3.7223999e-38    
108.0    1321.94    1.38782008e-17    0.145531461    0.85446750225    8.36408288e-14    1.03674987e-06    4.59169813e-14    5.3986898e-15    1.31361318e-19    5.48836314e-20    6.31966806e-30    2.17954762e-29    9.97939252e-21    7.45319044e-27    3.76258207e-20    1.4381087e-32    6.80117505e-31    3.1840023e-32    2.02380683e-38    
98.5    1305.31    1.12104897e-17    0.145531339    0.854467701487    8.36484866e-14    9.59512924e-07    4.59247258e-14    5.29775066e-15    1.12434982e-19    5.27057471e-20    4.08719213e-30    1.33206438e-29    8.51255199e-21    5.30017704e-27    3.4551759e-20    8.84518247e-33    4.4967134e-31    2.19714288e-32    1.15196867e-38    
89.8    1290.19    9.21931333e-18    0.145531185    0.854467910402    8.36538921e-14    9.04598245e-07    4.59302136e-14    5.17980263e-15    9.80735778e-20    5.14361474e-20    2.74087275e-30    8.52916708e-30    7.38831131e-21    3.87731687e-27    3.19105493e-20    5.66111568e-33    3.0581651e-31    1.56057181e-32    6.84878608e-39    
81.9    1276.47    7.7152884e-18    0.145531005    0.854468127646    8.36575145e-14    8.67353693e-07    4.59339156e-14    5.04839314e-15    8.70794734e-20    5.09298959e-20    1.90415823e-30    5.71205082e-30    6.51947299e-21    2.91544578e-27    2.96402194e-20    3.76681265e-33    2.13911002e-31    1.13999384e-32    4.24911607e-39    
74.6    1264.07    6.57424603e-18    0.145530794    0.854468357558    8.36592831e-14    8.48442151e-07    4.59357654e-14    4.89844131e-15    7.88435856e-20    5.13239878e-20    1.3721421e-30    4.01230379e-30    5.85728854e-21    2.25510268e-27    2.76873491e-20    2.60870397e-33    1.53833942e-31    8.56732461e-33    2.75271846e-39    
68.0    1252.9    5.6960832e-18    0.145530563    0.85446859397    8.36596894e-14    8.43030308e-07    4.59362528e-14    4.73840691e-15    7.25732119e-20    5.24124981e-20    1.02278323e-30    2.94151139e-30    5.34545723e-21    1.79029371e-27    2.60070102e-20    1.8750685e-33    1.13671676e-31    6.61068753e-33    1.857233e-39    
62.0    1242.88    5.01658808e-18    0.145530313    0.854468835798    8.36587248e-14    8.5120232e-07    4.59353705e-14    4.56799391e-15    6.79069524e-20    5.42641129e-20    7.88113397e-31    2.24974834e-30    4.95517439e-21    1.45786073e-27    2.45602461e-20    1.39775228e-33    8.6229622e-32    5.23281377e-33    1.30360067e-39    
56.6    1233.9    4.48569673e-18    0.145530052    0.854469076955    8.36565852e-14    8.71044737e-07    4.59333134e-14    4.39212822e-15    6.44611099e-20    5.68116995e-20    6.26311338e-31    1.78842517e-30    4.65812543e-21    1.21537613e-27    2.33139177e-20    1.07789271e-33    6.70797883e-32    4.24162136e-33    9.49530704e-40    
51.6    1225.88    4.07444903e-18    0.145529767    0.854469325622    8.3652781e-14    9.0737816e-07    4.59295958e-14    4.20373958e-15    6.22198717e-20    6.04185837e-20    5.1384475e-31    1.48241508e-30    4.44879677e-21    1.03791588e-27    2.22391522e-20    8.60654167e-34    5.3445664e-32    3.51991869e-33    7.17660178e-40    
47.0    1218.75    3.75534187e-18    0.145529465    0.854469574516    8.36472871e-14    9.60484194e-07    4.59241918e-14    4.00661636e-15    6.09686856e-20    6.51586346e-20    4.34263443e-31    1.27719316e-30    4.31110628e-21    9.06297761e-28    2.13117382e-20    7.09828986e-34    4.3553583e-32    2.98482406e-33    5.61375332e-40    
42.9    1212.43    3.50360618e-18    0.145529163    0.854469810993    8.36405499e-14    1.02600662e-06    4.59175436e-14    3.81214198e-15    6.03681049e-20    7.0778633e-20    3.76216018e-31    1.13420066e-30    4.22249088e-21    8.06194704e-28    2.05112136e-20    6.01658852e-34    3.62476071e-32    2.57881614e-33    4.52445755e-40    
39.1    1206.83    3.31146685e-18    0.145528846    0.854470041158    8.36316693e-14    1.11284159e-06    4.59087558e-14    3.61103122e-15    6.05935452e-20    7.79252916e-20    3.34631241e-31    1.04294414e-30    4.19092601e-21    7.31249932e-28    1.9818914e-20    5.24833412e-34    3.07607512e-32    2.26953137e-33    3.7574036e-40    
35.6    1201.89    3.16693871e-18    0.145528516    0.854470260743    8.36204207e-14    1.2232565e-06    4.58976032e-14    3.40692102e-15    6.15520068e-20    8.68032895e-20    3.04841149e-31    9.89610734e-31    4.20920911e-21    6.74986784e-28    1.92193575e-20    4.69912504e-34    2.65760868e-32    2.03056968e-33    3.20623072e-40    
32.5    1197.54    3.05602572e-18    0.145528195    0.854470453604    8.36074015e-14    1.35139592e-06    4.58846783e-14    3.21187697e-15    6.29412044e-20    9.70321906e-20    2.82827523e-31    9.59452791e-31    4.25839231e-21    6.31520215e-28    1.87000783e-20    4.29355512e-34    2.33404547e-32    1.84173375e-33    2.79765969e-40    
29.6    1193.72    2.98028185e-18    0.145527859    0.854470626873    8.35909095e-14    1.51412718e-06    4.58682855e-14    3.01353425e-15    6.51041784e-20    1.09849892e-19    2.68065739e-31    9.57665349e-31    4.35715936e-21    5.99986953e-28    1.82484831e-20    4.0149524e-34    2.08057637e-32    1.69363406e-33    2.49878724e-40    
27.0    1190.36    2.92874784e-18    0.145527527    0.854470767429    8.3571544e-14    1.70557115e-06    4.58490195e-14    2.82366776e-15    6.77452642e-20    1.24871317e-19    2.58053126e-31    9.74064095e-31    4.48739917e-21    5.76492924e-28    1.78551434e-20    3.81945421e-34    1.87957423e-32    1.57469095e-33    2.27342504e-40    
24.6    1187.42    2.90176497e-18    0.145527187    0.854470872749    8.35478434e-14    1.9402509e-06    4.58254229e-14    2.63664012e-15    7.10731013e-20    1.43185917e-19    2.5255352e-31    1.01281415e-30    4.66032019e-21    5.60453715e-28    1.75109429e-20    3.69953172e-34    1.71854842e-32    1.47956666e-33    2.10637745e-40    
22.4    1184.86    2.89547243e-18    0.14552684    0.854470935302    8.35191548e-14    2.2246978e-06    4.57968427e-14    2.45508046e-15    7.50640602e-20    1.6531224e-19    2.50722853e-31    1.07302354e-30    4.87376809e-21    5.50371331e-28    1.72081723e-20    3.639743e-34    1.58823022e-32    1.40278825e-33    1.9827254e-40    
20.5    1182.62    2.89939857e-18    0.14552651    0.854470949551    8.34873405e-14    2.54044883e-06    4.57651345e-14    2.29144596e-15    7.92554821e-20    1.89903941e-19    2.50700135e-31    1.14319985e-30    5.1005287e-21    5.43448752e-28    1.6942145e-20    3.61100452e-34    1.48191596e-32    1.33887576e-33    1.88630336e-40    
18.7    1180.66    2.92367196e-18    0.145526158    0.854470906922    8.34476138e-14    2.93507814e-06    4.57255242e-14    2.1284851e-15    8.43692364e-20    2.20520969e-19    2.54187988e-31    1.24280476e-30    5.38134701e-21    5.41735269e-28    1.67039413e-20    3.6366426e-34    1.39430034e-32    1.28749308e-33    1.8198512e-40    
17.0    1178.96    2.9672836e-18    0.145525779    0.854470791462    8.33978736e-14    3.42953805e-06    4.56759135e-14    1.96753645e-15    9.05025173e-20    2.58771001e-19    2.61041328e-31    1.37680438e-30    5.72094627e-21    5.44687851e-28    1.64877848e-20    3.71332691e-34    1.32155445e-32    1.24612658e-33    1.77792483e-40    
15.5    1177.47    3.01974306e-18    0.145525399    0.854470601295    8.33405501e-14    3.99970523e-06    4.56187252e-14    1.82062847e-15    9.70988234e-20    3.02865699e-19    2.6951609e-31    1.53252224e-30    6.08683449e-21    5.49830262e-28    1.62914989e-20    3.81526802e-34    1.26076548e-32    1.21144292e-33    1.74996631e-40    
14.1    1176.18    3.08798091e-18    0.145524988    0.854470310566    8.32700324e-14    4.70143415e-06    4.55483594e-14    1.67867579e-15    1.04726578e-19    3.57017971e-19    2.80876697e-31    1.72925454e-30    6.51042359e-21    5.58486653e-28    1.61077293e-20    3.96006786e-34    1.209458e-32    1.18314406e-33    1.73839174e-40    
12.9    1175.07    3.15894006e-18    0.14552458    0.854469940108    8.31918315e-14    5.47989195e-06    4.54703154e-14    1.55391278e-15    1.12541764e-19    4.17082219e-19    2.92895362e-31    1.94478947e-30    6.94320266e-21    5.67854944e-28    1.59375886e-20    4.11572347e-34    1.16601792e-32    1.1587502e-33    1.73327892e-40    
11.8    1174.09    3.24095518e-18    0.14552414    0.854469455403    8.30989652e-14    6.40459691e-06    4.53776244e-14    1.43651382e-15    1.21207177e-19    4.88284869e-19    3.07092701e-31    2.20277512e-30    7.42159719e-21    5.79563335e-28    1.5773674e-20    4.30374757e-34    1.1288086e-32    1.13843679e-33    1.73860623e-40    
10.7    1173.25    3.34788734e-18    0.145523607    0.85446876468    8.2976099e-14    7.62831944e-06    4.52549775e-14    1.31575964e-15    1.31930533e-19    5.82138179e-19    3.26102788e-31    2.55196475e-30    8.01101917e-21    5.96178274e-28    1.56033646e-20    4.56152507e-34    1.09629612e-32    1.12240685e-33    1.76078156e-40    
9.77    1172.51    3.4536508e-18    0.145523064    0.85446795997    8.28408086e-14    8.97602991e-06    4.51199186e-14    1.21182719e-15    1.42742211e-19    6.85323965e-19    3.45228838e-31    2.93029108e-30    8.60028361e-21    6.12479738e-28    1.543691e-20    4.82248317e-34    1.0679757e-32    1.107957e-33    1.7838868e-40    
8.91    1171.86    3.57099567e-18    0.145522449    0.854466955259    8.26782367e-14    1.05957411e-05    4.49576156e-14    1.11389845e-15    1.547408e-19    8.08915925e-19    3.66846271e-31    3.38379978e-30    9.24804795e-21    6.30822255e-28    1.52620407e-20    5.12057272e-34    1.0425216e-32    1.09536713e-33    1.81391824e-40    
8.12    1171.27    3.6976954e-18    0.145521754    0.854465720381    8.24845555e-14    1.25256186e-05    4.4764246e-14    1.02252062e-15    1.67870378e-19    9.55642069e-19    3.90543373e-31    3.91874449e-30    9.94816719e-21    6.50555342e-28    1.50733154e-20    5.45012745e-34    1.01868677e-32    1.08351713e-33    1.84788247e-40    
7.41    1170.69    3.8270988e-18    0.145520984    0.854464261395    8.22608759e-14    1.47546045e-05    4.4540919e-14    9.39451173e-16    1.81702301e-19    1.12453704e-18    4.14944522e-31    4.52223028e-30    1.06742595e-20    6.7012742e-28    1.48673598e-20    5.79144031e-34    9.94983512e-33    1.07080527e-33    1.87993091e-40    
6.75    1170.05    3.95986998e-18    0.145520101    0.854462503042    8.19958336e-14    1.73959578e-05    4.4276288e-14    8.61607723e-16    1.96551857e-19    1.32403292e-18    4.39942952e-31    5.21107866e-30    1.1438662e-20    6.89113063e-28    1.46304122e-20    6.14254225e-34    9.69000281e-33    1.05524878e-33    1.90636087e-40    
6.16    1169.26    4.0808643e-18    0.14551914    0.854460511536    8.16995844e-14    2.03484635e-05    4.39804941e-14    7.91947337e-16    2.11335199e-19    1.54673296e-18    4.62140427e-31    5.92584187e-30    1.21805583e-20    7.04094385e-28    1.43611335e-20    6.45326242e-34    9.38311104e-33    1.03388264e-33    1.9149321e-40    
5.61    1168.18    4.18685137e-18    0.14551806    0.854458209431    8.13602422e-14    2.37305691e-05    4.36416706e-14    7.2723754e-16    2.26175599e-19    1.80195166e-18    4.80284851e-31    6.65610911e-30    1.29014999e-20    7.13576091e-28    1.4042293e-20    6.70376592e-34    8.99698906e-33    1.00364852e-33    1.89798614e-40    
5.12    1166.69    4.25614833e-18    0.145516935    0.854455755689    8.10011774e-14    2.73093107e-05    4.3283155e-14    6.70353568e-16    2.39386323e-19    2.07352917e-18    4.8947427e-31    7.27958001e-30    1.35143142e-20    7.13028244e-28    1.36794673e-20    6.82031616e-34    8.51077827e-33    9.6154192e-34    1.84136851e-40    
4.67    1164.67    4.28168233e-18    0.145515756    0.854453144847    8.06209337e-14    3.1099153e-05    4.29034962e-14    6.19042998e-16    2.50632888e-19    2.36419357e-18    4.87911219e-31    7.74117961e-30    1.40018719e-20    7.0073844e-28    1.3263948e-20    6.7750088e-34    7.90972957e-33    9.05836309e-34    1.74042511e-40    
4.25    1161.99    4.25646656e-18    0.145514528    0.854450391004    8.02214218e-14    3.50809956e-05    4.25046052e-14    5.72116449e-16    2.59439356e-19    2.67466276e-18    4.74296272e-31    7.98335999e-30    1.43415352e-20    6.755712e-28    1.27923097e-20    6.54880392e-34    7.19639253e-33    8.36395156e-34    1.59544628e-40    
3.88    1158.59    4.16296698e-18    0.145513393    0.854447829366    7.9850509e-14    3.87776343e-05    4.21342822e-14    5.32200848e-16    2.63903787e-19    2.97262922e-18    4.46411076e-31    7.88077821e-30    1.44519249e-20    6.35845272e-28    1.22920833e-20    6.11042581e-34    6.3996834e-33    7.55269184e-34    1.41039814e-40    
3.54    1154.43    4.0090855e-18    0.145512326    0.854445408108    7.95004817e-14    4.22658922e-05    4.17848276e-14    4.96613735e-16    2.64510273e-19    3.26619096e-18    4.07382364e-31    7.48010516e-30    1.43625727e-20    5.84443894e-28    1.17600075e-20    5.51052683e-34    5.55255302e-33    6.6606498e-34    1.20158334e-40    
3.22    1149.5    3.80462076e-18    0.145511303    0.854443082971    7.91644865e-14    4.56140293e-05    4.14494007e-14    4.63813878e-16    2.61727963e-19    3.56260535e-18    3.60917776e-31    6.84955796e-30    1.41008208e-20    5.24898041e-28    1.1196946e-20    4.80928687e-34    4.69617564e-33    5.7332568e-34    9.86623558e-41    
2.94    1143.82    3.5460998e-18    0.14551051    0.854441292016    7.89051252e-14    4.81979834e-05    4.1190512e-14    4.36463972e-16    2.54301983e-19    3.81757867e-18    3.09072566e-31    5.98844012e-30    1.36256508e-20    4.59416565e-28    1.06423402e-20    4.04140448e-34    3.87838923e-33    4.81996857e-34    7.79408754e-41    
2.68    1137.45    3.25668429e-18    0.145509842    0.854439789305    7.86871895e-14    5.03686953e-05    4.09730051e-14    4.1161125e-16    2.43904838e-19    4.05752153e-18    2.57181724e-31    5.05187923e-30    1.30145775e-20    3.9313505e-28    1.00828804e-20    3.2888551e-34    3.12763809e-33    3.96031859e-34    5.94313599e-41    
2.44    1130.44    2.94887813e-18    0.145509313    0.8544386146    7.85160728e-14    5.20723999e-05    4.08022649e-14    3.89085373e-16    2.31052338e-19    4.27842455e-18    2.08255859e-31    4.11902457e-30    1.22960524e-20    3.29285889e-28    9.52771848e-21    2.59600579e-34    2.46645391e-33    3.18443242e-34    4.38262686e-41    
2.23    1122.87    2.62890876e-18    0.145509054    0.854438078002    7.84360311e-14    5.28679977e-05    4.0722478e-14    3.70394021e-16    2.15549854e-19    4.44489768e-18    1.63921469e-31    3.22963875e-30    1.14707274e-20    2.69866826e-28    9.00251987e-21    1.98463629e-34    1.90755281e-33    2.51103403e-34    3.12916127e-41    
2.03    1114.83    2.31936995e-18    0.145508853    0.854437679898    7.8375675e-14    5.34671021e-05    4.06623606e-14    3.52278866e-16    1.99509398e-19    4.60992596e-18    1.26386874e-31    2.47293964e-30    1.06245182e-20    2.17501987e-28    8.47970791e-21    1.48246059e-34    1.44713919e-33    1.94419229e-34    2.17451834e-41    
1.85    1106.39    2.02279623e-18    0.145508828    0.854437698094    7.83747201e-14    5.34739063e-05    4.06615645e-14    3.36306586e-16    1.82706093e-19    4.73987219e-18    9.53867798e-32    1.84084268e-30    9.75351146e-21    1.72400755e-28    7.98166185e-21    1.080983e-34    1.0804337e-33    1.48173986e-34    1.47337824e-41    
1.69    1097.67    1.74570165e-18    0.145508989    0.854438160815    7.84370108e-14    5.28501849e-05    4.07239229e-14    3.22538461e-16    1.65622753e-19    4.82707723e-18    7.06287599e-32    1.33485706e-30    8.87931194e-21    1.34656075e-28    7.51318135e-21    7.7142527e-35    7.96049498e-34    1.11442967e-34    9.76728459e-42    
1.54    1088.75    1.49717718e-18    0.145509183    0.85443869879    7.85101504e-14    5.21182101e-05    4.07971179e-14    3.09130974e-16    1.49431223e-19    4.91167315e-18    5.16489836e-32    9.54235531e-31    8.04882992e-21    1.04119327e-28    7.05853303e-21    5.42883369e-35    5.7971359e-34    8.28969181e-35    6.3699388e-42    
1.4    1079.73    1.27851451e-18    0.145509384    0.854439257322    7.85860455e-14    5.13586775e-05    4.08730673e-14    2.95975933e-16    1.34413062e-19    4.99886139e-18    3.74387626e-32    6.75588174e-31    7.2751581e-21    7.99307186e-29    6.62034397e-21    3.78316748e-35    4.18521574e-34    6.11627479e-35    4.10542623e-42    
1.28    1070.71    1.08506956e-18    0.145509769    0.85444024795    7.87237643e-14    4.99830503e-05    4.10107375e-14    2.85198814e-16    1.19987663e-19    5.03149857e-18    2.68616712e-32    4.7014551e-31    6.53693542e-21    6.09176984e-29    6.22133302e-21    2.60610095e-35    3.0102751e-34    4.49309878e-35    2.62147298e-42    
1.17    1061.8    9.20058319e-19    0.145510152    0.854441232635    7.88606912e-14    4.86153647e-05    4.11476127e-14    2.74805798e-16    1.07020421e-19    5.06252539e-18    1.92352997e-32    3.26400473e-31    5.86876337e-21    4.63576879e-29    5.84413383e-21    1.7915204e-35    2.16158913e-34    3.29555451e-35    1.6699487e-42    
1.06    1053.08    7.84573756e-19    0.145510299    0.854441652177    7.89172145e-14    4.80488226e-05    4.12042194e-14    2.62387785e-16    9.62413509e-20    5.17021036e-18    1.38898051e-32    2.30482221e-31    5.30139066e-21    3.54671338e-29    5.47066563e-21    1.24338432e-35    1.55204549e-34    2.41961967e-35    1.0695683e-42    
0.97    1044.64    6.67923518e-19    0.145510642    0.854442537817    7.90402007e-14    4.68201825e-05    4.13271672e-14    2.52802126e-16    8.60961807e-20    5.20799348e-18    1.0021952e-32    1.61433382e-31    4.77188621e-21    2.71562465e-29    5.14328057e-21    8.62186964e-36    1.12221917e-34    1.78644131e-35    6.88124384e-43    
0.884    1036.54    5.72668482e-19    0.145510825    0.854443033644    7.91080076e-14    4.61413558e-05    4.13950281e-14    2.42267382e-16    7.76237468e-20    5.29825304e-18    7.32099598e-33    1.15206868e-31    4.322598e-21    2.09824075e-29    4.83067298e-21    6.06260423e-36    8.1684306e-35    1.32810928e-35    4.48379759e-43    
0.806    1028.8    4.93893722e-19    0.145510945    0.854443378604    7.9154353e-14    4.56763955e-05    4.14414616e-14    2.31919448e-16    7.03398843e-20    5.40808438e-18    5.40822174e-33    8.33783492e-32    3.93306461e-21    1.6355445e-29    4.54157682e-21    4.31716317e-36    6.00065554e-35    9.96127876e-36    2.96215107e-43    
0.735    1021.41    4.28602209e-19    0.145510995    0.854443554802    7.91767339e-14    4.5450198e-05    4.14639714e-14    2.21696645e-16    6.40891385e-20    5.54208391e-18    4.04245638e-33    6.12523408e-32    3.59583807e-21    1.28662955e-29    4.27375156e-21    3.11517668e-36    4.44982777e-35    7.53920703e-36    1.98499382e-43    
0.67    1014.35    3.74040879e-19    0.145510975    0.854443556219    7.91745404e-14    4.54687811e-05    4.14619519e-14    2.11552694e-16    5.8696482e-20    5.70378143e-18    3.05369246e-33    4.56236636e-32    3.30233024e-21    1.02044274e-29    4.02423391e-21    2.27472004e-36    3.3264804e-35    5.75070562e-36    1.34693433e-43    
0.611    1007.5    3.27469462e-19    0.145510925    0.854443485038    7.91620412e-14    4.55899622e-05    4.1449648e-14    2.01778037e-16    5.39024088e-20    5.87991809e-18    2.32097683e-33    3.42408022e-32    3.04008796e-21    8.13240155e-30    3.79171344e-21    1.67253058e-36    2.49959659e-35    4.40809548e-36    9.20961701e-44    
0.557    1000.77    2.86887986e-19    0.145510861    0.854443380057    7.91447319e-14    4.57589426e-05    4.14325482e-14    1.92356863e-16    4.95347968e-20    6.06731595e-18    1.76611771e-33    2.57420528e-32    2.80036284e-21    6.48653488e-30    3.57244405e-21    1.23139117e-36    1.87951098e-35    3.38115885e-36    6.30469057e-44    
0.508    994.004    2.50489958e-19    0.145510845    0.854443385883    7.91433525e-14    4.57691171e-05    4.14313546e-14    1.83591527e-16    4.53750821e-20    6.24365445e-18    1.33544498e-33    1.91899998e-32    2.5724967e-21    5.14865254e-30    3.36502138e-21    9.00225135e-37    1.40675642e-35    2.58175876e-36    4.28449889e-44    
0.463    987.071    2.17231068e-19    0.145510896    0.854443553112    7.91648872e-14    4.5550888e-05    4.14530401e-14    1.75408775e-16    4.13218126e-20    6.40245346e-18    9.96686381e-34    1.40740431e-32    2.35104373e-21    4.04491561e-30    3.16579152e-21    6.48564586e-37    1.04164091e-35    1.95107656e-36    2.86525242e-44    
0.422    979.834    1.86306561e-19    0.145511075    0.854444027372    7.92300861e-14    4.48976283e-05    4.15183128e-14    1.68046972e-16    3.72556297e-20    6.51751656e-18    7.2830163e-34    1.00451279e-32    2.13000286e-21    3.1259423e-30    2.97382719e-21    4.56325028e-37    7.58609039e-36    1.451035e-36    1.86815442e-44    
0.385    972.173    1.57343226e-19    0.145511441    0.854444948988    7.93589746e-14    4.36100114e-05    4.16471536e-14    1.61732602e-16    3.31138872e-20    6.55927411e-18    5.16895025e-34    6.90120654e-33    1.90594277e-21    2.3619848e-30    2.78841734e-21    3.10762648e-37    5.40371043e-36    1.05623035e-36    1.17682458e-44    
0.351    963.99    1.3051e-19    0.14551198    0.854446290924    7.95474424e-14    4.1729076e-05    4.18354548e-14    1.56244493e-16    2.89617624e-20    6.52740347e-18    3.54334956e-34    4.53654917e-33    1.68118725e-21    1.73720092e-30    2.60628771e-21    2.03586125e-37    3.74374213e-36    7.48642791e-37    7.10904137e-45    
0.32    955.207    1.05951818e-19    0.145512719    0.854448112071    7.98041376e-14    3.91689289e-05    4.20918359e-14    1.51732636e-16    2.48354173e-20    6.39979561e-18    2.33020806e-34    2.82713314e-33    1.45694788e-21    1.23742221e-30    2.4267744e-21    1.27349113e-37    2.51064787e-36    5.14336375e-37    4.0871147e-45    
0.292    945.765    8.39103588e-20    0.145513666    0.854450433469    8.01320083e-14    3.59005306e-05    4.24192232e-14    1.4835738e-16    2.08043242e-20    6.1568443e-18    1.46037295e-34    1.65498959e-33    1.23606927e-21    8.49598739e-31    2.24913495e-21    7.55199759e-38    1.62254897e-36    3.41080171e-37    2.2203848e-45    
0.266    935.615    6.47306016e-20    0.145514748    0.854453076308    8.05057862e-14    3.21756919e-05    4.27923897e-14    1.45771131e-16    1.70108187e-20    5.82097159e-18    8.68637553e-35    9.06915619e-34    1.02520925e-21    5.60406851e-31    2.07034687e-21    4.227395e-38    1.00535671e-36    2.17353312e-37    1.13301118e-45    
0.242    924.713    4.84869307e-20    0.145515938    0.854455978697    8.09165746e-14    2.80833027e-05    4.32024416e-14    1.44092168e-16    1.35284445e-20    5.38857853e-18    4.87051232e-35    4.61046633e-34    8.28215376e-22    3.5341837e-31    1.89016049e-21    2.21769131e-38    5.94305653e-37    1.32500994e-37    5.39010437e-46    
0.221    913.011    3.50566515e-20    0.145517258    0.854459188635    8.137146e-14    2.35533653e-05    4.36564228e-14    1.44133177e-16    1.03774575e-20    4.82257887e-18    2.54399947e-35    2.13362996e-34    6.4641638e-22    2.11452895e-31    1.71012024e-21    1.07670302e-38    3.33403441e-37    7.68801098e-38    2.36555221e-46    
0.202    900.449    2.43970194e-20    0.145518592    0.854462423452    8.1830406e-14    1.8984548e-05    4.41143782e-14    1.45621801e-16    7.66121905e-21    4.17419829e-18    1.22895831e-35    8.92386025e-35    4.85950613e-22    1.19366157e-31    1.52836113e-21    4.80156759e-39    1.76131435e-37    4.21709218e-38    9.48559602e-47    
0.184    886.94    1.62848459e-20    0.145519835    0.854465434169    8.22578375e-14    1.47308307e-05    4.45408182e-14    1.48167385e-16    5.43200401e-21    3.50214764e-18    5.44384952e-36    3.34643147e-35    3.50892792e-22    6.31335254e-32    1.34465637e-21    1.94867479e-39    8.67537952e-38    2.16753461e-38    3.43295938e-47    
0.168    872.353    1.03124836e-20    0.145520991    0.854468218901    8.26539866e-14    1.07900986e-05    4.49359648e-14    1.52992932e-16    3.64843941e-21    2.79680517e-18    2.16264262e-36    1.08896881e-35    2.40104105e-22    3.08132736e-32    1.16168742e-21    7.02878021e-40    3.93347531e-38    1.03145904e-38    1.09691192e-47    
0.153    856.487    6.13804589e-21    0.145521979    0.854470581413    8.29909526e-14    7.43958699e-06    4.52720034e-14    1.59983009e-16    2.30449014e-21    2.12348057e-18    7.5517535e-37    3.0071614e-36    1.54508955e-22    1.3659162e-32    9.80632306e-22    2.20423669e-40    1.61016701e-38    4.46418766e-39    3.01435698e-48    
0.139    839.027    3.37237526e-21    0.145522781    0.854472478744    8.32625754e-14    4.74025598e-06    4.55428057e-14    1.70161941e-16    1.34441753e-21    1.50944008e-18    2.2334252e-37    6.71801169e-37    9.1865185e-23    5.34917232e-33    8.04018892e-22    5.77210286e-41    5.78170679e-39    1.71063553e-39    6.82383062e-49    
0.127    819.451    1.65382767e-21    0.14552341    0.85447392334    8.34713868e-14    2.66665947e-06    4.57509103e-14    1.86880631e-16    6.97889889e-22    9.64657709e-19    5.2245652e-38    1.10550642e-37    4.86598349e-23    1.76159636e-33    6.34357613e-22    1.17227953e-41    1.73753801e-39    5.55320286e-40    1.18131921e-49    
0.116    796.836    6.88858622e-22    0.145523856    0.85447487242    8.36120067e-14    1.27157989e-06    4.58909876e-14    2.13293561e-16    3.07823443e-22    5.3694964e-19    8.7310631e-39    1.18068734e-38    2.19531831e-23    4.51386249e-34    4.73493132e-22    1.65179144e-42    4.0182965e-40    1.41194063e-40    1.38363335e-50    
0.106    773.003    2.57678024e-22    0.145524122    0.854475334685    8.36855145e-14    5.43314833e-07    4.59641628e-14    2.4966739e-16    1.21899406e-22    2.72742584e-19    1.16855788e-39    9.47625597e-40    8.90524042e-24    9.80161034e-35    3.40624675e-22    1.82896643e-43    7.8210388e-41    3.05671818e-41    1.2528707e-51    
0.0962    749.369    9.15150293e-23    0.14552428    0.854475497329    8.37179468e-14    2.22670977e-07    4.5996416e-14    2.93781235e-16    4.59999676e-23    1.34233423e-19    1.40469304e-40    6.65936877e-41    3.44564586e-24    1.96069509e-35    2.4049551e-22    1.801296e-44    1.3926633e-41    6.09033887e-42    9.9692854e-53    
0.0877    726.213    3.09778408e-23    0.145524402    0.85447551152    8.37317785e-14    8.64800522e-08    4.6010145e-14    3.50543292e-16    1.65164757e-23    6.31621679e-20    1.53028892e-41    4.11241291e-42    1.27047157e-24    3.64563403e-36    1.6734925e-22    1.59460176e-45    2.30474549e-42    1.13256156e-42    7.09311794e-54    
0.08    703.771    1.01184995e-23    0.145524521    0.854475446569    8.37373203e-14    3.24312648e-08    4.60156219e-14    4.2136562e-16    5.72479904e-24    2.89074927e-20    1.55005435e-42    2.31309966e-43    4.52956422e-25    6.41449144e-37    1.1521728e-22    1.30404705e-46    3.60494122e-43    1.99627791e-43    4.63559109e-55    
0.0729    682.238    3.22792181e-24    0.145524653    0.85447533508    8.37394791e-14    1.19198048e-08    4.60177307e-14    5.07944811e-16    1.94031432e-24    1.30371246e-20    1.49657534e-43    1.2251042e-44    1.58168613e-25    1.08738141e-37    7.87904013e-23    1.01195108e-47    5.4260873e-44    3.39083025e-44    2.86051775e-56    
0.0665    661.771    1.01675696e-24    0.145524809    0.854475186672    8.37403424e-14    4.32794648e-09    4.60185464e-14    6.13470203e-16    6.49305994e-25    5.82809388e-21    1.40866379e-44    6.28049701e-46    5.4617549e-26    1.80663956e-38    5.37285321e-23    7.6376301e-49    8.01101529e-45    5.64806233e-45    1.71285512e-57    
0.0606    642.485    3.20410055e-25    0.145524992    0.854475006422    8.37407291e-14    1.57786183e-09    4.60188825e-14    7.38608578e-16    2.17552726e-25    2.61925738e-21    1.32784751e-45    3.2309539e-47    1.89093105e-26    2.99987544e-39    3.66775018e-23    5.77184145e-50    1.18270412e-45    9.39181648e-46    1.02533633e-58    
0.0553    624.46    1.02126664e-25    0.145525206    0.854474793418    8.37409551e-14    5.81800453e-10    4.60190515e-14    8.8597813e-16    7.36692508e-26    1.18938708e-21    1.2819148e-46    1.71379027e-48    6.6246192e-27    5.06468724e-40    2.51604983e-23    4.47634694e-51    1.78009684e-46    1.58683768e-46    6.30698995e-60    
0.0504    607.743    3.33568918e-26    0.14552545    0.854474549779    8.37411326e-14    2.20653143e-10    4.60191653e-14    1.05324062e-15    2.55725053e-26    5.53773151e-22    1.30165092e-47    9.71697373e-50    2.38115272e-27    8.86373887e-41    1.74079216e-23    3.66668933e-52    2.78290101e-47    2.77236587e-47    1e-60    
0.0459    592.351    1.12841168e-26    0.14552572    0.854474279913    8.37413017e-14    8.69063776e-11    4.60192642e-14    1.23851337e-15    9.19231613e-27    2.66371418e-22    1.42064405e-48    6.05311017e-51    8.8676248e-28    1.63472301e-41    1.21880855e-23    3.24839829e-53    4.59801878e-48    5.09035324e-48    1e-60    
0.0419    578.275    3.98596388e-27    0.145526016    0.854473983964    8.37414774e-14    3.56613613e-11    4.60193631e-14    1.44186694e-15    3.44315636e-27    1.32550673e-22    1.69465761e-49    4.22290081e-52    3.4422355e-28    3.21953271e-42    8.66090552e-24    3.17061158e-54    8.1540959e-49    9.96367226e-49    1e-60    
0.0382    565.487    1.48541901e-27    0.145526324    0.854473675984    8.37416568e-14    1.54817953e-11    4.60194626e-14    1.65355121e-15    1.36040288e-27    6.91785071e-23    2.25600384e-50    3.39726135e-53    1.40892863e-28    6.87487564e-43    6.26225949e-24    3.48689475e-55    1.573145e-49    2.10709121e-49    1e-60    
0.0348    553.938    5.87690433e-28    0.145526634    0.854473365993    8.37418364e-14    7.14784991e-12    4.60195616e-14    1.86694111e-15    5.7040629e-28    3.80138084e-23    3.39477053e-51    3.20218056e-54    6.11443537e-29    1.60780154e-43    4.61607306e-24    4.38172366e-56    3.33636647e-50    4.86416574e-50    1e-60    
0.0317    543.568    2.4799921e-28    0.145526937    0.854473062996    8.37420113e-14    3.52113673e-12    4.60196579e-14    2.07525027e-15    2.54920605e-28    2.2042997e-23    5.8288431e-52    3.57713919e-55    2.82435054e-29    4.14962474e-44    3.47383671e-24    6.35716953e-57    7.84040812e-51    1.23564095e-50    1e-60    
0.0289    534.305    1.11910693e-28    0.145527224    0.854472775998    8.37421767e-14    1.852399e-12    4.60197489e-14    2.27262642e-15    1.21699751e-28    1.3491553e-23    1.14791153e-52    4.76373941e-56    1.39105575e-29    1.18726379e-44    2.67114864e-24    1.07103815e-57    2.0514255e-51    3.471794e-51    1e-60    
0.0264    526.071    5.40444038e-29    0.14552749    0.854472509999    8.37423295e-14    1.03941261e-12    4.60198329e-14    2.45494681e-15    6.20801995e-29    8.70202146e-24    2.59689907e-53    7.57036558e-57    7.30477032e-30    3.77233006e-45    2.099298e-24    2.09922056e-58    5.98919247e-52    1.08164266e-51    1e-60    
0.0241    518.785    2.7964838e-29    0.145527717    0.854472282999    8.37424602e-14    6.2518999e-13    4.60199047e-14    2.61099365e-15    3.39415771e-29    5.94407063e-24    6.76453941e-54    1.44253936e-57    4.09956379e-30    1.33346393e-45    1.68607171e-24    4.79779094e-59    1.950687e-52    3.74086636e-52    1e-60    
0.0219    512.364    1.55105739e-29    0.145527886    0.854472113999    8.37425574e-14    4.05550079e-13    4.60199582e-14    2.72705288e-15    1.99515604e-29    4.32692142e-24    2.03023733e-54    3.30766996e-58    2.46447402e-30    5.2461912e-46    1.38310619e-24    1.27917432e-59    7.07032232e-53    1.43531776e-52    1e-60    
