# Abundance units (by number or mass):
@ABUNDANCE
number

# Pressure units:
@PRESSURE
bar

# Atmospheric composition:
@SPECIES
H He H2 H2O CO CH4 NH3 HCN CO2 H2CO C2H2 C2H4 NO C2H6 O2 H2O2 N2O NO2
@DATA
992.0    2189.08    1.55479983e-14    0.145509671    0.854456278121    8.03243349e-14    3.40508786e-05    4.24235921e-14    6.15279664e-15    3.29303029e-17    6.11728792e-19    7.91826123e-24    2.49410566e-22    2.06043877e-18    4.98911467e-22    4.32240728e-19    1.01140217e-25    2.67450499e-25    5.12168872e-27    1.42233149e-30    
905.0    2139.35    1.21739322e-14    0.145514635    0.854454045848    8.06000435e-14    3.13191521e-05    4.27335342e-14    6.07132034e-15    2.78557807e-17    5.83246815e-19    4.93175737e-24    1.47190783e-22    1.75841748e-18    3.40960675e-22    4.02102032e-19    5.87055016e-26    1.69538157e-25    3.37682641e-27    7.59083074e-31    
825.0    2090.43    9.45492195e-15    0.145517341    0.854454081718    8.08763373e-14    2.85772814e-05    4.30384457e-14    5.99573565e-15    2.33502696e-17    5.52431314e-19    3.01872515e-24    8.49468169e-23    1.48769946e-18    2.2990078e-22    3.7266611e-19    3.34539767e-26    1.06015877e-25    2.19525095e-27    3.96797842e-31    
752.0    2042.32    7.27953269e-15    0.145519648    0.854454524967    8.11531263e-14    2.58270328e-05    4.33389749e-14    5.92890345e-15    1.93748476e-17    5.1900619e-19    1.81379181e-24    4.78469067e-23    1.24669006e-18    1.52800647e-22    3.44081193e-19    1.86937132e-26    6.53703954e-26    1.40601965e-27    2.02927857e-31    
686.0    1995.04    5.55219157e-15    0.145521645    0.854455282781    8.14301022e-14    2.30722189e-05    4.3635487e-14    5.87447983e-15    1.58905691e-17    4.82698552e-19    1.06826672e-24    2.62383844e-23    1.03363684e-18    9.99931458e-23    3.1647313e-19    1.02278093e-26    3.97298602e-26    8.86380451e-28    1.01396155e-31    
625.0    1948.56    4.19831286e-15    0.145523337    0.854456220114    8.16942815e-14    2.04428854e-05    4.39155109e-14    5.82471333e-15    1.29110596e-17    4.45883059e-19    6.174001e-25    1.40484749e-23    8.48948821e-19    6.45044095e-23    2.89781695e-19    5.48540484e-27    2.37827018e-26    5.50499951e-28    4.95402103e-32    
570.0    1902.91    3.14284769e-15    0.145524809    0.854457308402    8.19513782e-14    1.78825976e-05    4.4185384e-14    5.78864958e-15    1.03593505e-17    4.07250643e-19    3.4923104e-25    7.30742725e-24    6.89171988e-19    4.09267704e-23    2.64217533e-19    2.87596015e-27    1.40181198e-26    3.36201517e-28    2.3610632e-32    
520.0    1858.06    2.32938665e-15    0.14552608    0.854458462184    8.21947684e-14    1.54578156e-05    4.44389433e-14    5.76379261e-15    8.21262714e-18    3.68115499e-19    1.93320891e-25    3.69409158e-24    5.53067258e-19    2.55423712e-23    2.39805178e-19    1.47389936e-27    8.13093867e-27    2.01904636e-28    1.09741375e-32    
474.0    1814.03    1.70982066e-15    0.145527161    0.854459611907    8.24186117e-14    1.32270933e-05    4.46707711e-14    5.74606746e-15    6.43998284e-18    3.29879257e-19    1.0476531e-25    1.8171917e-24    4.39038054e-19    1.56868161e-23    2.16584939e-19    7.386086e-28    4.63830006e-27    1.19263297e-28    4.97504316e-33    
432.0    1770.8    1.24215873e-15    0.14552809    0.854460723504    8.26233307e-14    1.11864963e-05    4.48816938e-14    5.73826527e-15    4.9892759e-18    2.92631686e-19    5.55122027e-26    8.68050514e-25    3.44440309e-19    9.47082762e-24    1.94651374e-19    3.61451425e-28    2.60100996e-27    6.9229766e-29    2.19704645e-33    
394.0    1728.38    8.92498164e-16    0.145528897    0.854461771063    8.28093583e-14    9.33193686e-06    4.50724871e-14    5.74398712e-15    3.81345224e-18    2.56477855e-19    2.87189946e-26    4.01670046e-25    2.66770898e-19    5.61449793e-24    1.7407376e-19    1.72473476e-28    1.4331684e-27    3.94513144e-29    9.4381242e-34    
359.0    1686.76    6.34546698e-16    0.145529582    0.854462716897    8.29729273e-14    7.70110327e-06    4.52396597e-14    5.75715381e-15    2.88076576e-18    2.22745061e-19    1.45193266e-26    1.8046135e-25    2.04222915e-19    3.27084612e-24    1.54866135e-19    8.03165266e-29    7.75473639e-28    2.20823583e-29    3.94600349e-34    
327.0    1645.93    4.46139304e-16    0.14553017    0.85446355244    8.31156989e-14    6.27755998e-06    4.53851228e-14    5.78047186e-15    2.1484102e-18    1.91421516e-19    7.16460572e-27    7.85627661e-26    1.54401895e-19    1.87064716e-24    1.37066439e-19    3.64529554e-29    4.11857901e-28    1.21295162e-29    1.60362449e-34    
298.0    1608.01    3.16896381e-16    0.145530616    0.854464228573    8.32282308e-14    5.15542678e-06    4.54995399e-14    5.79615372e-15    1.61658436e-18    1.65542232e-19    3.60194822e-27    3.49827503e-26    1.17568938e-19    1.08671524e-24    1.21495296e-19    1.69084926e-29    2.2225161e-28    6.77496131e-30    6.67779237e-35    
272.0    1573.2    2.28477475e-16    0.145530946    0.854464773893    8.33160021e-14    4.28010643e-06    4.55886268e-14    5.8032003e-15    1.23267758e-18    1.44459856e-19    1.86318401e-27    1.6123519e-26    9.05548919e-20    6.46155913e-25    1.08076994e-19    8.10193012e-30    1.22899136e-28    3.87919354e-30    2.88427169e-35    
248.0    1541.26    1.67508399e-16    0.145531167    0.854465218864    8.33827639e-14    3.6141356e-06    4.56563173e-14    5.79078731e-15    9.56601639e-19    1.27970358e-19    9.95520438e-28    7.74637315e-27    7.07970548e-20    3.9445908e-25    9.65246e-20    4.02594244e-30    6.97009883e-29    2.28293877e-30    1.2967458e-35    
226.0    1511.99    1.24909435e-16    0.145531304    0.854465592959    8.34339808e-14    3.1030406e-06    4.57082017e-14    5.76054671e-15    7.55526055e-19    1.15037022e-19    5.49872796e-28    3.88220896e-27    5.62004286e-20    2.47344708e-25    8.65937539e-20    2.07617889e-30    4.05814067e-29    1.38161042e-30    6.07429528e-36    
206.0    1485.19    9.47471714e-17    0.145531375    0.854465918118    8.34736603e-14    2.70688147e-06    4.57483703e-14    5.71493808e-15    6.0710115e-19    1.04848366e-19    3.14124324e-28    2.02990589e-27    4.5299348e-20    1.59342051e-25    7.80645983e-20    1.11168099e-30    2.42769519e-29    8.60086196e-31    2.96652874e-36    
188.0    1460.69    7.309861e-17    0.145531398    0.854466206185    8.35047979e-14    2.39581482e-06    4.57798737e-14    5.65743732e-15    4.95941673e-19    9.67498428e-20    1.856013e-28    1.106711e-27    3.70608019e-20    1.05444445e-25    7.07423192e-20    6.18042256e-31    1.49331533e-29    5.507461e-31    1.51081985e-36    
171.0    1438.36    5.75120307e-17    0.145531348    0.854466479873    8.35271501e-14    2.17212704e-06    4.58025109e-14    5.57044313e-15    4.14512492e-19    9.12438333e-20    1.14027612e-28    6.35582422e-28    3.09290132e-20    7.19828105e-26    6.44502228e-20    3.58666555e-31    9.4498678e-30    3.63976035e-31    8.06031135e-37    
156.0    1418.03    4.60076621e-17    0.145531275    0.854466732203    8.35450504e-14    1.99279672e-06    4.58206355e-14    5.47812045e-15    3.51630073e-19    8.68774385e-20    7.24302137e-29    3.80000717e-28    2.6176022e-20    5.04466844e-26    5.90495502e-20    2.16025355e-31    6.1546168e-30    2.47308522e-31    4.48379719e-37    
143.0    1399.58    3.73896901e-17    0.145531192    0.854466964367    8.35599274e-14    1.84363241e-06    4.58356912e-14    5.38738647e-15    3.02060257e-19    8.32207069e-20    4.74917939e-29    2.35744788e-28    2.24292809e-20    3.62445591e-26    5.44132149e-20    1.3481758e-31    4.12603065e-30    1.72579249e-31    2.59733341e-37    
130.0    1382.88    3.10696479e-17    0.145531019    0.854467215677    8.35676611e-14    1.76532327e-06    4.58435866e-14    5.24964851e-15    2.67226556e-19    8.23086065e-20    3.25608305e-29    1.5574556e-28    1.97108369e-20    2.69726955e-26    5.04208874e-20    8.83077941e-32    2.84660943e-30    1.24627174e-31    1.58274219e-37    
118.0    1367.8    2.63033281e-17    0.145530804    0.85446747015    8.35714839e-14    1.72584972e-06    4.5847555e-14    5.09157063e-15    2.41244104e-19    8.29188168e-20    2.31777455e-29    1.08061336e-28    1.76448563e-20    2.06670067e-26    4.69861967e-20    6.02744805e-32    2.02047611e-30    9.26776876e-32    1.00836365e-37    
108.0    1354.23    2.25672101e-17    0.145530612    0.854467699212    8.35750786e-14    1.68878759e-06    4.58512724e-14    4.94997308e-15    2.19377896e-19    8.34153429e-20    1.69519402e-29    7.71532183e-29    1.59299448e-20    1.61694812e-26    4.40359523e-20    4.24192971e-32    1.47465852e-30    7.05260046e-32    6.6591717e-38    
98.5    1342.06    1.97270287e-17    0.14553037    0.854467937546    8.35745683e-14    1.69245374e-06    4.58508814e-14    4.78296774e-15    2.03865064e-19    8.57433488e-20    1.28747385e-29    5.79510436e-29    1.46666981e-20    1.30241114e-26    4.14929339e-20    3.11060955e-32    1.10564067e-30    5.52232065e-32    4.59363419e-38    
89.8    1331.17    1.75306531e-17    0.145530101    0.854468173739    8.35711256e-14    1.72526069e-06    4.58475537e-14    4.60363506e-15    1.92675508e-19    8.94494577e-20    1.01093008e-29    4.54344848e-29    1.37206045e-20    1.07613904e-26    3.93009446e-20    2.3659348e-32    8.50703244e-31    4.43551171e-32    3.29624281e-38    
81.9    1321.45    1.58189245e-17    0.145529813    0.854468402246    8.35650004e-14    1.78475427e-06    4.58415401e-14    4.41649604e-15    1.84849806e-19    9.44945517e-20    8.18747929e-30    3.70501111e-29    1.30221327e-20    9.10361402e-27    3.74101866e-20    1.86184364e-32    6.7087795e-31    3.64742256e-32    2.45398942e-38    
74.6    1312.81    1.44938604e-17    0.145529497    0.854468624778    8.35554587e-14    1.87822159e-06    4.58321103e-14    4.21791995e-15    1.80205198e-19    1.01341478e-19    6.83884293e-30    3.14588931e-29    1.2549041e-20    7.88261455e-27    3.57766884e-20    1.51547232e-32    5.41508936e-31    3.06815117e-32    1.89354636e-38    
68.0    1305.15    1.34577285e-17    0.14552917    0.854468829126    8.3542988e-14    2.00087348e-06    4.58197503e-14    4.01664348e-15    1.77883189e-19    1.0980776e-19    5.86844494e-30    2.7634912e-29    1.22434932e-20    6.96479411e-27    3.43643805e-20    1.27067526e-32    4.46693249e-31    2.63304169e-32    1.50850054e-38    
62.0    1298.36    1.26536516e-17    0.145528828    0.854469014406    8.35270988e-14    2.15759385e-06    4.58039717e-14    3.81302111e-15    1.77703695e-19    1.20217905e-19    5.16543428e-30    2.50745122e-29    1.20879453e-20    6.27152307e-27    3.31411011e-20    1.09560505e-32    3.75985495e-31    2.30183711e-32    1.23810555e-38    
56.6    1292.38    1.203039e-17    0.14552848    0.854469171901    8.35078234e-14    2.34809914e-06    4.57848064e-14    3.61180557e-15    1.79259843e-19    1.3260825e-19    4.64997736e-30    2.33947231e-29    1.20536376e-20    5.74224923e-27    3.20802583e-20    9.68363067e-33    3.22416877e-31    2.04570276e-32    1.04367929e-38    
51.6    1287.1    1.156886e-17    0.145528112    0.854469298237    8.34834144e-14    2.58976305e-06    4.57605114e-14    3.40703703e-15    1.82958091e-19    1.4800866e-19    4.28323475e-30    2.25013954e-29    1.21584889e-20    5.34682785e-27    3.11561643e-20    8.77655467e-33    2.81209629e-31    1.84687744e-32    9.02916405e-39    
47.0    1282.46    1.12392372e-17    0.145527727    0.854469383865    8.3453218e-14    2.88913489e-06    4.57304328e-14    3.2021778e-15    1.88624682e-19    1.66854571e-19    4.02740464e-30    2.223424e-29    1.23886618e-20    5.05356423e-27    3.03485984e-20    8.13558744e-33    2.49086364e-31    1.69070288e-32    7.99515459e-39    
42.9    1278.4    1.10041508e-17    0.145527342    0.854469420249    8.34180908e-14    3.23775047e-06    4.5695424e-14    3.00673748e-15    1.95566199e-19    1.88707124e-19    3.84668754e-30    2.23822983e-29    1.27020217e-20    4.83146559e-27    2.96416112e-20    7.67403531e-33    2.23730876e-31    1.56547804e-32    7.21516187e-39    
39.1    1274.83    1.08679243e-17    0.145526934    0.854469398579    8.33748357e-14    3.66742048e-06    4.56522944e-14    2.81252547e-15    2.04555475e-19    2.154504e-19    3.73844864e-30    2.30628634e-29    1.31386084e-20    4.67678868e-27    2.90166924e-20    7.37739286e-33    2.03479461e-31    1.4657027e-32    6.63699343e-39    
35.6    1271.72    1.08155761e-17    0.145526504    0.854469304693    8.33221351e-14    4.19130711e-06    4.55997273e-14    2.62224798e-15    2.15541179e-19    2.47906595e-19    3.68886312e-30    2.42491535e-29    1.36926066e-20    4.57607535e-27    2.84598564e-20    7.21133252e-33    1.87130673e-31    1.38548322e-32    6.20833404e-39    
32.5    1268.99    1.08174215e-17    0.145526071    0.854469135216    8.32615635e-14    4.79378435e-06    4.55392931e-14    2.44516811e-15    2.27675308e-19    2.85190489e-19    3.67635911e-30    2.57744356e-29    1.43145751e-20    4.51018712e-27    2.79623691e-20    7.12880692e-33    1.73810116e-31    1.31945812e-32    5.88103641e-39    
29.6    1266.62    1.08933655e-17    0.145525601    0.854468861388    8.31868183e-14    5.53761167e-06    4.54647e-14    2.27070565e-15    2.42251837e-19    3.31033536e-19    3.71321541e-30    2.79164374e-29    1.50730361e-20    4.48667924e-27    2.75075638e-20    7.15086804e-33    1.62842263e-31    1.26615728e-32    5.64924961e-39    
27.0    1264.55    1.10162485e-17    0.14552511    0.854468483244    8.30995147e-14    6.4067555e-06    4.53775591e-14    2.10763622e-15    2.5836417e-19    3.8450713e-19    3.78129483e-30    3.0522085e-29    1.59153553e-20    4.48969909e-27    2.708958e-20    7.23986756e-33    1.53737814e-31    1.22199103e-32    5.48126504e-39    
24.6    1262.75    1.11962117e-17    0.145524576    0.854467966094    8.29939633e-14    7.45790556e-06    4.52721895e-14    1.95092813e-15    2.76824217e-19    4.48982142e-19    3.88740526e-30    3.38079206e-29    1.68825162e-20    4.52243922e-27    2.6695101e-20    7.40764288e-33    1.46102368e-31    1.18575055e-32    5.37255767e-39    
22.4    1261.18    1.14266706e-17    0.145523992    0.85446728844    8.28673074e-14    8.71955959e-06    4.51457379e-14    1.80208068e-15    2.97616485e-19    5.26138062e-19    4.02760284e-30    3.78374589e-29    1.79695599e-20    4.58010452e-27    2.63151393e-20    7.64564217e-33    1.39634865e-31    1.15571675e-32    5.31079909e-39    
20.5    1259.82    1.16722039e-17    0.145523391    0.854466486967    8.27265431e-14    1.01220324e-05    4.500519e-14    1.6699789e-15    3.19022965e-19    6.11755467e-19    4.17871341e-30    4.22696985e-29    1.90810616e-20    4.64562931e-27    2.59531309e-20    7.90871229e-33    1.34135126e-31    1.12981731e-32    5.27230343e-39    
18.7    1258.64    1.19782675e-17    0.1455227    0.854465450595    8.25531983e-14    1.1849405e-05    4.48321e-14    1.54098386e-15    3.43765024e-19    7.1672399e-19    4.37129334e-30    4.78328403e-29    2.0356666e-20    4.73829665e-27    2.55837176e-20    8.25591205e-33    1.29365174e-31    1.1084537e-32    5.27461376e-39    
17.0    1257.61    1.23455862e-17    0.145521896    0.854464120572    8.23390753e-14    1.39834278e-05    4.46182807e-14    1.41580188e-15    3.72205689e-19    8.45733427e-19    4.60629936e-30    5.47704437e-29    2.18065824e-20    4.85664124e-27    2.51945674e-20    8.6896643e-33    1.25161392e-31    1.09060939e-32    5.31219931e-39    
15.5    1256.72    1.27346088e-17    0.14552102    0.854462554975    8.2094118e-14    1.64250251e-05    4.43736618e-14    1.3029828e-15    4.02164804e-19    9.92615315e-19    4.85697466e-30    6.26309364e-29    2.33095795e-20    4.98270422e-27    2.47945058e-20    9.15900592e-33    1.21444076e-31    1.07485011e-32    5.36363929e-39    
14.1    1255.95    1.31771673e-17    0.145520001    0.854460614341    8.17972147e-14    1.9384659e-05    4.40771598e-14    1.19543584e-15    4.35725486e-19    1.16945524e-18    5.14436995e-30    7.21493638e-29    2.49612793e-20    5.1285233e-27    2.43579618e-20    9.7063671e-33    1.18059798e-31    1.06111589e-32    5.43881945e-39    
12.9    1255.28    1.36198926e-17    0.145518919    0.854458448027    8.14713747e-14    2.2632973e-05    4.37517536e-14    1.10178239e-15    4.6953462e-19    1.36222337e-18    5.43113081e-30    8.24277797e-29    2.65850264e-20    5.27179957e-27    2.39090964e-20    1.02600247e-32    1.15004443e-31    1.04839034e-32    5.51414186e-39    
11.8    1254.7    1.41000233e-17    0.145517688    0.85445588923    8.10912407e-14    2.64227703e-05    4.33721192e-14    1.01455008e-15    5.05976909e-19    1.58516272e-18    5.74111888e-30    9.43298322e-29    2.82870353e-20    5.42643941e-27    2.34189808e-20    1.08688341e-32    1.12144161e-31    1.03672366e-32    5.60150465e-39    
10.7    1254.19    1.46798655e-17    0.145516136    0.854452558531    8.06015103e-14    3.13054686e-05    4.28830246e-14    9.25839991e-16    5.49301941e-19    1.86905981e-18    6.11355354e-30    1.09644592e-28    3.02405669e-20    5.61350973e-27    2.28284441e-20    1.16159994e-32    1.09277968e-31    1.02581298e-32    5.7170923e-39    
9.77    1253.75    1.52465037e-17    0.145514494    0.854448943314    8.00742399e-14    3.65626856e-05    4.2356433e-14    8.49999781e-16    5.91848132e-19    2.17101966e-18    6.4690221e-30    1.25777226e-28    3.20729161e-20    5.78948304e-27    2.22152662e-20    1.23448396e-32    1.06553438e-31    1.01478352e-32    5.81966412e-39    
8.91    1253.35    1.58562323e-17    0.145512605    0.854444701935    7.9459421e-14    4.26930644e-05    4.17423993e-14    7.79084957e-16    6.37328541e-19    2.51803762e-18    6.84043685e-30    1.44260728e-28    3.39288924e-20    5.97288861e-27    2.15267812e-20    1.31266624e-32    1.03780067e-31    1.0033064e-32    5.9229024e-39    
8.12    1252.95    1.64977684e-17    0.145510456    0.854439801574    7.87524633e-14    4.97424258e-05    4.10363378e-14    7.13381808e-16    6.84985889e-19    2.91051956e-18    7.21305274e-30    1.64922565e-28    3.5744757e-20    6.15599191e-27    2.07580482e-20    1.39365246e-32    1.00846401e-31    9.90364079e-33    6.01509515e-39    
7.41    1252.51    1.71392602e-17    0.145508092    0.85443434641    7.79683314e-14    5.75615895e-05    4.02531939e-14    6.54034862e-16    7.32755005e-19    3.33812767e-18    7.55785081e-30    1.86795141e-28    3.7410663e-20    6.32355276e-27    1.99229434e-20    1.47171325e-32    9.76545007e-32    9.74707815e-33    6.07743543e-39    
6.75    1251.92    1.77790881e-17    0.145505439    0.854428165322    7.70824477e-14    6.63956774e-05    3.93684204e-14    5.98792198e-16    7.80932883e-19    3.81214393e-18    7.86025361e-30    2.0975902e-28    3.89025364e-20    6.46733358e-27    1.89936684e-20    1.54425669e-32    9.39364304e-32    9.54138842e-33    6.09244357e-39    
6.16    1251.09    1.83446718e-17    0.14550264    0.854421599729    7.61433905e-14    7.57602708e-05    3.84305365e-14    5.49665551e-16    8.25340128e-19    4.30573723e-18    8.06469028e-30    2.31116565e-28    4.00557557e-20    6.55660559e-27    1.80132072e-20    1.59889346e-32    8.95756127e-32    9.26550247e-33    6.02620358e-39    
5.61    1249.84    1.88170889e-17    0.145499628    0.854414497468    7.51291821e-14    8.58745322e-05    3.74175938e-14    5.04314385e-16    8.65702897e-19    4.83038067e-18    8.14476454e-30    2.4981274e-28    4.08385252e-20    6.57538733e-27    1.69559523e-20    1.6297195e-32    8.42850637e-32    8.89169467e-33    5.85472437e-39    
5.12    1248.05    1.90975249e-17    0.145496643    0.854407428472    7.41210306e-14    9.59285279e-05    3.64107057e-14    4.64681141e-16    8.96834954e-19    5.34729681e-18    8.04426878e-30    2.61934451e-28    4.11172444e-20    6.48949419e-27    1.58923777e-20    1.62229942e-32    7.80901984e-32    8.40673196e-33    5.55149015e-39    
4.67    1245.57    1.91565609e-17    0.145493681    0.854400398208    7.31190732e-14    0.000105920792    3.54100149e-14    4.29114501e-16    9.1796385e-19    5.86071181e-18    7.75225725e-30    2.66161419e-28    4.08943394e-20    6.28868651e-27    1.48190792e-20    1.57289073e-32    7.09641157e-32    7.80341295e-33    5.11514361e-39    
4.25    1242.29    1.89690299e-17    0.145490764    0.854393458835    7.21307351e-14    0.000115777165    3.44229434e-14    3.96717325e-16    9.28208814e-19    6.37179918e-18    7.27337677e-30    2.61663998e-28    4.01793951e-20    5.97087183e-27    1.37432267e-20    1.4812992e-32    6.30597719e-32    7.09114078e-33    4.56252307e-39    
3.88    1238.16    1.84686361e-17    0.145488219    0.854387400249    7.12679863e-14    0.000124380751    3.35613334e-14    3.69256633e-16    9.24044375e-19    6.83466575e-18    6.62319742e-30    2.47025173e-28    3.89988655e-20    5.53708715e-27    1.27555291e-20    1.34820793e-32    5.48562419e-32    6.30547379e-33    3.92916825e-39    
3.54    1233.15    1.77036231e-17    0.145485941    0.854381974354    7.04954115e-14    0.000132084646    3.27898167e-14    3.4480375e-16    9.07906388e-19    7.27182122e-18    5.8614887e-30    2.24931135e-28    3.74531539e-20    5.0185908e-27    1.18262594e-20    1.18781713e-32    4.66319401e-32    5.48033742e-33    3.26612874e-39    
3.22    1227.3    1.67315199e-17    0.14548384    0.854376973453    6.97831547e-14    0.000139186547    3.2078575e-14    3.22229447e-16    8.82081242e-19    7.70087204e-18    5.04976522e-30    1.98294952e-28    3.56266349e-20    4.45085072e-27    1.09370014e-20    1.0151205e-32    3.87187689e-32    4.65572027e-33    2.62307935e-39    
2.94    1220.69    1.55507371e-17    0.145482265    0.854373230162    6.92496758e-14    0.000144504838    3.15459289e-14    3.03344231e-16    8.45569586e-19    8.07248107e-18    4.23733695e-30    1.68631907e-28    3.36255186e-20    3.86080496e-27    1.01701522e-20    8.4032895e-33    3.15535694e-32    3.87707932e-33    2.03951029e-39    
2.68    1213.4    1.42713513e-17    0.145480932    0.854370070335    6.87989101e-14    0.000148997665    3.1095926e-14    2.86045353e-16    8.02972474e-19    8.43053258e-18    3.47697357e-30    1.39539443e-28    3.15236962e-20    3.28704647e-27    9.45990309e-21    6.77683426e-33    2.52252032e-32    3.16762086e-33    1.54034215e-39    
2.44    1205.57    1.29528286e-17    0.145479827    0.854367458559    6.84259039e-14    0.000152714441    3.07236155e-14    2.70173768e-16    7.56366756e-19    8.77700122e-18    2.7986687e-30    1.12773421e-28    2.93906629e-20    2.75358742e-27    8.80611978e-21    5.34265639e-33    1.98367084e-32    2.54572125e-33    1.13448627e-39    
2.23    1197.32    1.16203702e-17    0.14547917    0.854365923624    6.82057327e-14    0.000154906376    3.05039799e-14    2.56752807e-16    7.06310817e-19    9.076738e-18    2.21569108e-30    8.9034957e-29    2.73053778e-20    2.27325499e-27    8.25128407e-21    4.1243298e-33    1.54279785e-32    2.02059805e-33    8.18453646e-40    
2.03    1188.79    1.03686686e-17    0.145478498    0.854364352877    6.79804292e-14    0.000157149123    3.02792353e-14    2.43478887e-16    6.57192836e-19    9.39784453e-18    1.7341323e-30    6.9456238e-29    2.5274528e-20    1.85913892e-27    7.70911647e-21    3.14360134e-33    1.18562875e-32    1.58605888e-33    5.81189371e-40    
1.85    1180.13    9.20165079e-18    0.145478012    0.854363231351    6.78187807e-14    0.000158756649    3.01180824e-14    2.31416331e-16    6.0907288e-19    9.70616119e-18    1.34625755e-30    5.35908331e-29    2.33534638e-20    1.50965323e-27    7.22065246e-21    2.3719044e-33    9.05771785e-33    1.2369875e-33    4.08449494e-40    
1.69    1171.49    8.14017757e-18    0.145477706    0.854362537669    6.77180521e-14    0.000159756331    3.00177833e-14    2.20572529e-16    5.63111941e-19    9.99808278e-18    1.04142616e-30    4.11003212e-29    2.15712785e-20    1.22173564e-27    6.78585281e-21    1.78071579e-33    6.91041909e-33    9.62690435e-34    2.8586248e-40    
1.54    1163.04    7.22044851e-18    0.145477229    0.854361432696    6.75589264e-14    0.000161338304    2.98591605e-14    2.09637739e-16    5.21618728e-19    1.03252098e-17    8.07660393e-31    3.1669407e-29    1.99236686e-20    9.91247565e-28    6.35526227e-21    1.34215054e-33    5.27509111e-33    7.50184367e-34    2.00652057e-40    
1.4    1154.98    6.44594885e-18    0.145476485    0.854359677147    6.73077944e-14    0.000163837853    2.96086417e-14    1.9851348e-16    4.85319218e-19    1.06996709e-17    6.31731796e-31    2.47002093e-29    1.8423769e-20    8.10539552e-28    5.92515354e-21    1.02310288e-33    4.04948025e-33    5.8838717e-34    1.42390043e-40    
1.28    1147.48    5.7920267e-18    0.14547579    0.854358037597    6.70732153e-14    0.000166172403    2.9374645e-14    1.88600322e-16    4.5334211e-19    1.10619271e-17    5.01122147e-31    1.95362202e-29    1.71111471e-20    6.70484615e-28    5.54669445e-21    7.92157909e-34    3.1567826e-33    4.68025072e-34    1.03067449e-40    
1.17    1140.71    5.27355606e-18    0.145474725    0.854355494791    6.67109924e-14    0.000169780209    2.9013146e-14    1.78553758e-16    4.27180689e-19    1.14765537e-17    4.0575468e-31    1.5855373e-29    1.59564145e-20    5.64770132e-28    5.16868725e-21    6.29204574e-34    2.50305925e-33    3.78885444e-34    7.66763727e-41    
1.06    1134.77    4.89882078e-18    0.145472741    0.854350723331    6.60331943e-14    0.000176535669    2.83364429e-14    1.66906181e-16    4.07869323e-19    1.20316495e-17    3.36761568e-31    1.3342734e-29    1.49038054e-20    4.87046477e-28    4.73394635e-21    5.17115671e-34    2.01535547e-33    3.12491184e-34    5.89043399e-41    
0.97    1129.66    4.6020401e-18    0.145470836    0.854346137249    6.53819521e-14    0.000183026751    2.76862345e-14    1.56937496e-16    3.91915322e-19    1.255056e-17    2.86224933e-31    1.14924698e-29    1.40119911e-20    4.28483572e-28    4.36244581e-21    4.36521894e-34    1.66620153e-33    2.64080171e-34    4.68234835e-41    
0.884    1125.27    4.39434607e-18    0.145468286    0.85433998527    6.45090814e-14    0.00019172873    2.68146439e-14    1.46439426e-16    3.8016673e-19    1.31533771e-17    2.48409144e-31    1.01801528e-29    1.31791235e-20    3.8468581e-28    3.96880722e-21    3.7926979e-34    1.39930094e-33    2.27168234e-34    3.83140532e-41    
0.806    1121.38    4.23700056e-18    0.145465459    0.854333154596    6.35404367e-14    0.000201386404    2.58473712e-14    1.36365013e-16    3.70474231e-19    1.3778598e-17    2.1849709e-31    9.15981533e-30    1.23921137e-20    3.49963691e-28    3.58830533e-21    3.35626024e-34    1.18992146e-33    1.97992864e-34    3.19863423e-41    
0.735    1117.7    4.10073741e-18    0.145462513    0.854326033057    6.25307303e-14    0.000211453943    2.48390703e-14    1.26878185e-16    3.61236108e-19    1.44073257e-17    1.92910747e-31    8.27201557e-30    1.16228017e-20    3.19932715e-28    3.22865091e-21    2.98987467e-34    1.01630185e-33    1.73395634e-34    2.68991254e-41    
0.67    1113.9    3.95798139e-18    0.145459621    0.85431903655    6.15389783e-14    0.00022134245    2.38487006e-14    1.18088979e-16    3.51012625e-19    1.50257711e-17    1.69219711e-31    7.40518931e-30    1.08547766e-20    2.91227416e-28    2.89703595e-21    2.64728372e-34    8.64018434e-34    1.51187871e-34    2.24685062e-41    
0.611    1109.69    3.78323257e-18    0.145457023    0.85431275431    6.06482793e-14    0.00023022269    2.29592813e-14    1.10210472e-16    3.38631869e-19    1.56159188e-17    1.46116635e-31    6.495018e-30    1.00938752e-20    2.61580887e-28    2.60526718e-21    2.30025466e-34    7.25532883e-34    1.30142062e-34    1.83944414e-41    
0.557    1104.83    3.56254109e-18    0.145454842    0.854307482798    5.99006436e-14    0.000237675202    2.22127945e-14    1.03205715e-16    3.23528709e-19    1.61807337e-17    1.23247861e-31    5.53333497e-30    9.34452384e-21    2.30125294e-28    2.35443828e-21    1.94153882e-34    5.97321996e-34    1.09760883e-34    1.4591822e-41    
0.508    1099.13    3.28926337e-18    0.145453247    0.854303630836    5.93539587e-14    0.000243122164    2.16670801e-14    9.71556458e-17    3.05531129e-19    1.67160414e-17    1.01003962e-31    4.54876654e-30    8.62446047e-21    1.97108824e-28    2.14900566e-21    1.57857663e-34    4.79823812e-34    9.02084577e-35    1.11194786e-41    
0.463    1092.48    2.97059887e-18    0.145452253    0.854301241097    5.90139749e-14    0.000246505903    2.1327897e-14    9.190728e-17    2.84953958e-19    1.72350727e-17    8.01176054e-32    3.59505009e-30    7.9363198e-21    1.63759759e-28    1.98279926e-21    1.23007859e-34    3.74457798e-34    7.19452092e-35    8.0905324e-42    
0.422    1084.85    2.61852251e-18    0.145451947    0.854300522539    5.8910342e-14    0.000247530461    2.12248699e-14    8.74678089e-17    2.6229061e-19    1.77356569e-17    6.13867125e-32    2.7247842e-30    7.29028564e-21    1.3163069e-28    1.85503002e-21    9.15326626e-35    2.83404665e-34    5.55630916e-35    5.60080926e-42    
0.385    1076.24    2.24998746e-18    0.145452402    0.854301652715    5.90681732e-14    0.000245945285    2.13830844e-14    8.3839871e-17    2.38178959e-19    1.82097964e-17    4.53961845e-32    1.97781802e-30    6.69141635e-21    1.02236499e-28    1.76399641e-21    6.49217754e-35    2.07930539e-34    4.15212636e-35    3.68340527e-42    
0.351    1066.69    1.88590951e-18    0.145453532    0.85430442118    5.94577599e-14    0.00024204682    2.17728608e-14    8.08075858e-17    2.13351216e-19    1.86645613e-17    3.23760761e-32    1.37446074e-30    6.12615385e-21    7.67360086e-29    1.69936624e-21    4.39044358e-35    1.47702176e-34    3.00021852e-35    2.30008369e-42    
0.32    1056.27    1.54187596e-18    0.14545537    0.854308916415    6.00913079e-14    0.000235713585    2.24063765e-14    7.83640494e-17    1.88437975e-19    1.90813808e-17    2.22677493e-32    9.13813749e-31    5.59184483e-21    5.56702568e-29    1.65861043e-21    2.83145367e-35    1.01651969e-34    2.09735378e-35    1.36452449e-42    
0.292    1045.05    1.22971079e-18    0.145457959    0.85431523263    6.09826221e-14    0.00022680837    2.3297395e-14    7.6519959e-17    1.63994448e-19    1.94298144e-17    1.47695181e-32    5.806495e-31    5.08384334e-21    3.90551457e-29    1.63941402e-21    1.74224052e-35    6.78524961e-35    1.41978501e-35    7.69857619e-43    
0.266    1033.12    9.58551666e-19    0.145461132    0.854322970108    6.20749414e-14    0.000215897892    2.43891946e-14    7.50297063e-17    1.40588226e-19    1.97068909e-17    9.43988706e-33    3.52533048e-31    4.58604551e-21    2.65256789e-29    1.62990936e-21    1.02466714e-35    4.38753242e-35    9.30566837e-36    4.13327225e-43    
0.242    1020.54    7.30510208e-19    0.145464882    0.854332113202    6.33660727e-14    0.000203004798    2.56795458e-14    7.38923658e-17    1.18611388e-19    1.98750447e-17    5.81060013e-33    2.04194839e-31    4.0967199e-21    1.74484281e-29    1.62681829e-21    5.76225853e-36    2.74958082e-35    5.90879268e-36    2.11305524e-43    
0.221    1007.4    5.43151681e-19    0.145469448    0.854343235915    6.49376784e-14    0.000187316085    2.72499366e-14    7.34549014e-17    9.82259419e-20    1.98215638e-17    3.44083772e-33    1.12279816e-31    3.62197219e-21    1.11069434e-29    1.63705036e-21    3.09238946e-36    1.6747433e-35    3.64100565e-36    1.02930722e-43    
0.202    993.755    3.94604196e-19    0.145474594    0.854355767804    6.67090266e-14    0.000169638196    2.9019672e-14    7.34895213e-17    7.97454669e-20    1.952255e-17    1.95490212e-33    5.84636404e-32    3.15196603e-21    6.84239087e-30    1.64691227e-21    1.58384889e-36    9.88582283e-36    2.17431183e-36    4.77092247e-44    
0.184    979.645    2.80689463e-19    0.14547999    0.854368904219    6.85664271e-14    0.000151105781    3.08751647e-14    7.36803741e-17    6.34497748e-20    1.89954864e-17    1.06312472e-33    2.88047283e-32    2.68688785e-21    4.07977078e-30    1.64147358e-21    7.74417917e-37    5.6331142e-36    1.25579141e-36    2.10023038e-44    
0.168    965.104    1.94787001e-19    0.145485812    0.854383073674    7.05707127e-14    0.000131114326    3.28770618e-14    7.44685763e-17    4.92449841e-20    1.81006592e-17    5.50862255e-34    1.32976454e-32    2.23721405e-21    2.34695607e-30    1.62636911e-21    3.59417393e-37    3.10013633e-36    7.0130174e-37    8.75519647e-45    
0.153    950.148    1.32048024e-19    0.145491651    0.854397279448    7.25809559e-14    0.000111069552    3.48846019e-14    7.55222776e-17    3.72598842e-20    1.68977565e-17    2.70895235e-34    5.74050454e-33    1.81047651e-21    1.3008339e-30    1.58727419e-21    1.58053729e-37    1.63799821e-36    3.772734e-37    3.44098943e-45    
0.139    934.773    8.72780975e-20    0.145497352    0.85441114158    7.45435645e-14    9.15064197e-05    3.68442363e-14    7.68947273e-17    2.74004099e-20    1.5390185e-17    1.25715769e-34    2.30053203e-33    1.41825114e-21    6.92184129e-31    1.52178621e-21    6.54850237e-38    8.27299679e-37    1.9483665e-37    1.26756869e-45    
0.127    918.953    5.58620016e-20    0.145503014    0.854424902672    7.64929948e-14    7.20833282e-05    3.87902766e-14    7.92922996e-17    1.94004839e-20    1.34587251e-17    5.44107595e-35    8.38393043e-34    1.06697971e-21    3.50854078e-31    1.43611654e-21    2.52278745e-38    3.98094817e-37    9.62445089e-38    4.33480039e-46    
0.116    902.637    3.45912436e-20    0.145508165    0.854437413115    7.8266396e-14    5.44218844e-05    4.05602034e-14    8.23924982e-17    1.32052122e-20    1.13123989e-17    2.17937944e-35    2.76279841e-34    7.66970321e-22    1.68561952e-31    1.3226105e-21    8.97569272e-39    1.80639565e-37    4.51209595e-38    1.36198871e-46    
0.106    885.734    2.05958315e-20    0.14551265    0.854448294805    7.98101338e-14    3.90551947e-05    4.21005401e-14    8.64544899e-17    8.58094546e-21    9.06840115e-18    7.96973619e-36    8.08811937e-35    5.22934323e-22    7.60149676e-32    1.18536587e-21    2.90639291e-39    7.65097432e-38    1.98942672e-38    3.87272821e-47    
0.0962    868.11    1.17385408e-20    0.14551624    0.854456995238    8.10454403e-14    2.67647617e-05    4.33328214e-14    9.11183683e-17    5.31393662e-21    6.96971391e-18    2.63127211e-36    2.08485156e-35    3.3728665e-22    3.18715008e-32    1.0289343e-21    8.45994935e-40    2.98123756e-38    8.14441694e-39    9.79530623e-48    
0.0877    849.555    6.29085791e-21    0.145519108    0.85446392762    8.203109e-14    1.69643795e-05    4.431575e-14    9.78388525e-17    3.069616e-21    4.98912756e-18    7.58584168e-37    4.49772047e-36    2.01903201e-22    1.21360033e-32    8.65141698e-22    2.13385045e-40    1.05003955e-38    3.04267195e-39    2.13243863e-48    
0.08    829.752    3.11825577e-21    0.1455212    0.85446896113    8.27482213e-14    9.83887036e-06    4.50306527e-14    1.0708107e-16    1.63055903e-21    3.30092431e-18    1.84603512e-37    7.7973798e-37    1.10626515e-22    4.08767993e-33    7.00471535e-22    4.4927334e-41    3.24567999e-39    1.00919017e-39    3.83093197e-49    
0.0729    808.188    1.388571e-21    0.145522604    0.854472304499    8.32264093e-14    5.09150131e-06    4.55071565e-14    1.20106622e-16    7.75298215e-22    1.97947668e-18    3.57765369e-38    1.00929206e-37    5.40959208e-23    1.16478377e-33    5.41961394e-22    7.40496714e-42    8.40156444e-40    2.84346089e-40    5.29758852e-50    
0.0665    784.87    5.47093178e-22    0.145523443    0.854474244413    8.35066187e-14    2.31258723e-06    4.57862316e-14    1.38784211e-16    3.25086703e-22    1.06176659e-18    5.36157839e-39    9.37947521e-39    2.32938876e-23    2.74598025e-34    3.99810262e-22    9.24818859e-43    1.78251946e-40    6.66686391e-41    5.45184814e-51    
0.0606    762.763    2.14841187e-22    0.145523845    0.854475110558    8.36346554e-14    1.04444171e-06    4.59136691e-14    1.60204382e-16    1.35556721e-22    5.66269873e-19    7.94095052e-40    8.59406272e-40    9.94700386e-24    6.42597926e-35    2.92853406e-22    1.14248187e-43    3.74562933e-41    1.55153402e-41    5.54295779e-52    
0.0553    741.984    8.48336298e-23    0.145524048    0.854475479158    8.36924597e-14    4.72841917e-07    4.59711573e-14    1.84736984e-16    5.67396313e-23    3.02493102e-19    1.18695535e-40    7.96281092e-41    4.25861101e-24    1.51541698e-35    2.14452541e-22    1.42700463e-44    7.93637615e-42    3.6411686e-42    5.70636674e-53    
0.0504    722.609    3.40558299e-23    0.145524161    0.854475620897    8.37182755e-14    2.18102982e-07    4.59968055e-14    2.11757716e-16    2.41531392e-23    1.64294108e-19    1.83358934e-41    7.70724431e-42    1.85311944e-24    3.66179779e-36    1.57747602e-22    1.84800611e-45    1.7235244e-42    8.74612178e-43    6.10071783e-54    
0.0459    704.679    1.40230545e-23    0.145524237    0.85447565961    8.37299363e-14    1.03390056e-07    4.60083739e-14    2.40896239e-16    1.05496475e-23    9.13839811e-20    2.98284678e-42    7.98052555e-43    8.27029071e-25    9.1935524e-37    1.1698555e-22    2.53210047e-46    3.89411036e-43    2.18005949e-43    6.92331778e-55    
0.0419    688.204    5.96284636e-24    0.145524299    0.854475650516    8.37353407e-14    5.04841897e-08    4.60137232e-14    2.72291049e-16    4.75269542e-24    5.2097637e-20    5.18275233e-43    8.98245209e-44    3.80510127e-25    2.42538037e-37    8.77224889e-23    3.72836771e-47    9.27704494e-44    5.70911808e-44    8.4943132e-56    
0.0382    673.164    2.64153983e-24    0.145524352    0.854475622245    8.3737887e-14    2.5755288e-08    4.60162344e-14    3.04242778e-16    2.23196045e-24    3.08373872e-20    9.7933935e-44    1.12766758e-44    1.82374246e-25    6.80898813e-38    6.66651669e-23    6.01452267e-48    2.35669718e-44    1.5874784e-44    1.14792018e-56    
0.0348    659.519    1.22597476e-24    0.145524402    0.854475584207    8.37391353e-14    1.37929949e-08    4.60174581e-14    3.35788055e-16    1.09837995e-24    1.90199004e-20    2.03576471e-44    1.60181556e-45    9.15188663e-26    2.05207067e-38    5.143911e-23    1.07638022e-48    6.44380448e-45    4.72804004e-45    1.73225665e-57    
0.0317    647.211    5.98551288e-25    0.145524448    0.854475544223    8.37397768e-14    7.77656027e-09    4.6018081e-14    3.65991409e-16    5.68480662e-25    1.22484375e-20    4.69429968e-45    2.60083203e-46    4.82517317e-26    6.68230153e-39    4.03530799e-23    2.15671177e-49    1.90981208e-45    1.51834103e-45    2.94895335e-58    
0.0289    636.169    3.08200724e-25    0.145524489    0.854475506379    8.37401245e-14    4.62061666e-09    4.60184138e-14    3.94075257e-16    3.10061591e-25    8.23878395e-21    1.2070911e-45    4.85619122e-47    2.67783374e-26    2.36110623e-39    3.22128965e-23    4.86632961e-50    6.16510302e-46    5.28131248e-46    5.7018117e-59    
0.0264    626.31    1.67518325e-25    0.145524527    0.85447547011    8.37403241e-14    2.89028028e-09    4.60186012e-14    4.19565048e-16    1.78252477e-25    5.78019547e-21    3.46747762e-46    1.04416543e-47    1.56448154e-26    9.06765181e-40    2.61768753e-23    1.23906456e-50    2.17273126e-46    1.99413462e-46    1.25577109e-59    
0.0241    617.549    9.62852996e-26    0.145524558    0.854475440086    8.37404425e-14    1.91403805e-09    4.60187101e-14    4.40556404e-16    1.08349074e-25    4.2529229e-21    1.11667618e-46    2.60199615e-48    9.65082755e-27    3.79295777e-40    2.16553957e-23    3.5731017e-51    8.36549805e-47    8.18009121e-47    3.15810455e-60    
0.0219    609.794    5.85805624e-26    0.145524578    0.854475420649    8.37405126e-14    1.35094783e-09    4.60187739e-14    4.54646198e-16    6.98406973e-26    3.30402501e-21    4.03923811e-47    7.5534239e-49    6.30387563e-27    1.72909599e-40    1.82309696e-23    1.16896764e-51    3.51339942e-47    3.6409703e-47    1e-60    
