# Abundance units (by number or mass):
@ABUNDANCE
number

# Pressure units:
@PRESSURE
bar

# Atmospheric composition:
@SPECIES
H He H2 H2O CO CH4 NH3 HCN CO2 H2CO C2H2 C2H4 NO C2H6 O2 H2O2 N2O NO2
@DATA
992.0    2189.08    1.55135417e-14    0.14558527    0.85300648521    2.91836747e-13    4.16172172e-14    0.00140824479    1.47018165e-14    2.64695184e-16    2.7284973e-17    9.63490609e-23    2.78507849e-21    2.29063161e-17    4.37957932e-21    4.78403302e-18    1.34698781e-24    3.54614216e-24    1.08146161e-25    4.55648167e-29    
905.0    2139.35    1.21467378e-14    0.145596583    0.85296725029    2.94502155e-13    3.89786286e-14    0.00143616671    1.44561746e-14    2.2591701e-16    2.6641862e-17    6.11048698e-23    1.68492284e-21    2.00391343e-17    2.99974147e-21    4.56195286e-18    7.90806228e-25    2.27361171e-24    7.12151128e-26    2.45111948e-29    
825.0    2090.43    9.43362671e-15    0.145606342    0.85292876023    2.97268008e-13    3.6238809e-14    0.00146489777    1.42303733e-14    1.91201819e-16    2.586524e-17    3.81081666e-23    9.97525844e-22    1.73913674e-17    2.02832368e-21    4.33690495e-18    4.56056016e-25    1.43874169e-24    4.62799189e-26    1.29256187e-29    
752.0    2042.32    7.26299625e-15    0.145616029    0.85288945105    3.0014047e-13    3.33920426e-14    0.00149451995    1.40323564e-14    1.60303754e-16    2.4930769e-17    2.33442835e-23    5.7680115e-22    1.49608196e-17    1.35281724e-21    4.11038464e-18    2.58038736e-25    8.98245564e-25    2.96636508e-26    6.67498466e-30    
686.0    1995.04    5.53946645e-15    0.145625757    0.85284914525    3.0312408e-13    3.04341875e-14    0.00152509775    1.38722651e-14    1.32970195e-16    2.38109549e-17    1.40268139e-23    3.24961443e-22    1.27429421e-17    8.89131879e-22    3.88369899e-18    1.43034092e-25    5.53071098e-25    1.87406047e-26    3.37167656e-30    
625.0    1948.56    4.18860598e-15    0.14563514    0.85280960823    3.06078972e-13    2.75041696e-14    0.00155525177    1.37266938e-14    1.09261657e-16    2.25803012e-17    8.26822825e-24    1.78659638e-22    1.07465286e-17    5.76167932e-22    3.65129614e-18    7.7716551e-26    3.35394119e-25    1.16687471e-26    1.66559705e-30    
570.0    1902.91    3.13551651e-15    0.145644446    0.85276995542    3.09065129e-13    2.45428174e-14    0.00158559858    1.36217989e-14    8.87135173e-17    2.11776526e-17    4.7706567e-24    9.54287385e-23    8.95805688e-18    3.67476553e-22    3.41837221e-18    4.12883306e-26    2.00311435e-25    7.15355231e-27    8.03252343e-31    
520.0    1858.06    2.32390559e-15    0.145653468    0.85273120012    3.12000235e-13    2.16319424e-14    0.00161533188    1.35498444e-14    7.11778255e-17    1.96466471e-17    2.69265046e-24    4.95042343e-23    7.37677328e-18    2.30628739e-22    3.18347058e-18    2.14378745e-26    1.1770865e-25    4.31612257e-27    3.77902321e-31    
474.0    1814.03    1.70576408e-15    0.145661978    0.8526944009    3.14799605e-13    1.88556336e-14    0.0016436211    1.34987239e-14    5.6464376e-17    1.80469492e-17    1.48638402e-24    2.49543829e-23    6.00046717e-18    1.42437276e-22    2.94610325e-18    1.08782368e-26    6.79891792e-26    2.56219655e-27    1.73363545e-31    
432.0    1770.8    1.2391886e-15    0.145669982    0.85265967009    3.17449998e-13    1.62271606e-14    0.00167034791    1.34764314e-14    4.42392366e-17    1.63878434e-17    8.01415129e-25    1.21971543e-23    4.81668356e-18    8.64874874e-23    2.70902022e-18    5.3870865e-27    3.85803933e-26    1.49544882e-27    7.74562721e-32    
394.0    1728.38    8.90348411e-16    0.145677482    0.85262712268    3.19938458e-13    1.37594899e-14    0.00169539532    1.34933688e-14    3.41876114e-17    1.46812195e-17    4.21410245e-25    5.76597051e-24    3.81106833e-18    5.15752811e-23    2.47483875e-18    2.5994756e-27    2.14964115e-26    8.57513798e-28    3.36587575e-32    
359.0    1686.76    6.33008098e-16    0.145684267    0.85259767043    3.22193625e-13    1.15233582e-14    0.00171806257    1.35319137e-14    2.60918526e-17    1.30053898e-17    2.16204108e-25    2.64088463e-24    2.97413758e-18    3.02178559e-23    2.24442138e-18    1.22287839e-27    1.17499697e-26    4.83018028e-28    1.42249312e-32    
327.0    1645.93    4.45051074e-16    0.145690368    0.85257126197    3.24216543e-13    9.51777606e-15    0.00173837003    1.36000606e-14    1.96465934e-17    1.13765017e-17    1.08097498e-25    1.16960167e-24    2.28745509e-18    1.73789965e-23    2.0207371e-18    5.6011795e-28    6.29756829e-27    2.67076541e-28    5.83994654e-33    
298.0    1608.01    3.16119699e-16    0.14569526    0.85254999842    3.25848691e-13    7.89969683e-15    0.00175474158    1.36459917e-14    1.48958079e-17    9.980019e-18    5.49226934e-26    5.28032428e-25    1.76590688e-18    1.01403953e-23    1.81594724e-18    2.61732955e-28    3.42347368e-27    1.49936827e-28    2.4515954e-33    
272.0    1573.2    2.27915383e-16    0.145699113    0.85253314272    3.27145839e-13    6.61376852e-15    0.00176774428    1.36666878e-14    1.14242224e-17    8.80834029e-18    2.8649079e-26    2.46039143e-25    1.3750446e-18    6.04915587e-24    1.63304676e-18    1.26151802e-28    1.90420759e-27    8.61596387e-29    1.06548197e-33    
248.0    1541.26    1.67095124e-16    0.145702006    0.85252021565    3.28147185e-13    5.62095929e-15    0.00177777835    1.3630466e-14    8.89852063e-18    7.87142568e-18    1.5406733e-26    1.19203429e-25    1.08407643e-18    3.69940177e-24    1.47074406e-18    6.29714362e-29    1.08484915e-27    5.07709546e-29    4.80974896e-34    
226.0    1511.99    1.24600596e-16    0.145704161    0.85251027583    3.28924261e-13    4.85034031e-15    0.00178556317    1.35423066e-14    7.04222985e-18    7.12402716e-18    8.55257211e-27    6.0130083e-26    8.66168293e-19    2.32091967e-24    1.32800277e-18    3.25890078e-29    6.33845224e-28    3.07041717e-29    2.25816966e-34    
206.0    1485.19    9.45125312e-17    0.145705751    0.85250260097    3.29531741e-13    4.24771388e-15    0.00179164803    1.34098303e-14    5.66253668e-18    6.52753481e-18    4.90494188e-27    3.16002992e-26    7.01703309e-19    1.4944254e-24    1.20326694e-18    1.74977901e-29    3.80227449e-28    1.90690099e-29    1.10380895e-34    
188.0    1460.69    7.29173626e-17    0.145706917    0.85249662615    3.30011872e-13    3.77122617e-15    0.00179645685    1.32436762e-14    4.62413605e-18    6.04858888e-18    2.90706011e-27    1.72976707e-26    5.76383947e-19    9.87691859e-25    1.09476278e-18    9.74915787e-30    2.34392723e-28    1.21666916e-29    5.62062897e-35    
171.0    1438.36    5.73693238e-17    0.145707571    0.85249249771    3.30358503e-13    3.42675864e-15    0.00179993129    1.29941185e-14    3.85687151e-18    5.7216012e-18    1.78998908e-27    9.96274431e-27    4.82408807e-19    6.72416808e-25    1.00026631e-18    5.66659818e-30    1.48559123e-28    7.99054762e-30    2.99279761e-35    
156.0    1418.03    4.58934399e-17    0.145708007    0.85248926685    3.30637301e-13    3.149489e-15    0.00180272615    1.27316322e-14    3.26350657e-18    5.46102711e-18    1.1390368e-27    5.97033967e-27    4.0922218e-19    4.69801096e-25    9.18571577e-19    3.41731636e-30    9.68773765e-29    5.39276691e-30    1.66080096e-35    
143.0    1399.58    3.72968251e-17    0.145708317    0.85248662587    3.30869841e-13    2.91810315e-15    0.00180505713    1.24759687e-14    2.79612709e-18    5.24175643e-18    7.479712e-28    3.71104689e-27    3.51325513e-19    3.36510099e-25    8.48083713e-19    2.13493565e-30    6.50145723e-29    3.73835039e-30    9.59626241e-36    
130.0    1382.88    3.09924823e-17    0.145708118    0.85248560096    3.30991264e-13    2.79633426e-15    0.00180628104    1.20921028e-14    2.46171502e-18    5.18977239e-18    5.13216218e-28    2.45419444e-27    3.09056881e-19    2.49157571e-25    7.86654258e-19    1.3991861e-30    4.4879126e-29    2.67161577e-30    5.81966708e-36    
118.0    1367.8    2.62380166e-17    0.145707668    0.852485436    3.31051625e-13    2.73486413e-15    0.001806896    1.16576314e-14    2.20958352e-18    5.23097787e-18    3.65463973e-28    1.70365825e-27    2.76803052e-19    1.89789521e-25    7.334384e-19    9.55272972e-31    3.18631228e-29    1.96321327e-30    3.68645415e-36    
108.0    1354.23    2.25111872e-17    0.14570728    0.85248524645    3.31108428e-13    2.67710785e-15    0.00180747355    1.12737539e-14    1.99919878e-18    5.26488834e-18    2.67393782e-28    1.21694795e-27    2.50019153e-19    1.47724526e-25    6.87713352e-19    6.72462766e-31    2.32614773e-29    1.4784612e-30    2.42230663e-36    
98.5    1342.06    1.96780786e-17    0.145706614    0.8524859751    3.31100934e-13    2.682787e-15    0.0018074109    1.08271663e-14    1.84647439e-18    5.41145517e-18    2.030719e-28    9.14015566e-28    2.30179537e-19    1.1826239e-25    6.47963484e-19    4.93098831e-31    1.74399206e-29    1.14360089e-30    1.66073062e-36    
89.8    1331.17    1.74871793e-17    0.145705778    0.85248733146    3.31047497e-13    2.73384862e-15    0.00180689054    1.03547368e-14    1.73360587e-18    5.64271576e-18    1.59398485e-28    7.16286826e-28    2.15237498e-19    9.70805639e-26    6.13466722e-19    3.7495938e-31    1.34153767e-29    9.06735905e-31    1.18378771e-36    
81.9    1321.45    1.57797242e-17    0.145704802    0.85248924585    3.30952098e-13    2.82638583e-15    0.00180595215    9.8692519e-15    1.65172479e-18    5.95601239e-18    1.29017358e-28    5.8364511e-28    2.04120379e-19    8.15734181e-26    5.83497551e-19    2.94940775e-31    1.05749919e-29    7.35800236e-31    8.75191954e-37    
74.6    1312.81    1.44579762e-17    0.14570364    0.85249187665    3.30803417e-13    2.97155953e-15    0.00180448335    9.36209152e-15    1.59839573e-18    6.37930168e-18    1.07663153e-28    4.94958639e-28    1.96463949e-19    7.01330703e-26    5.57338863e-19    2.39907934e-31    8.53000113e-30    6.10426777e-31    6.70311707e-37    
68.0    1305.15    1.34244437e-17    0.145702348    0.85249508977    3.30609317e-13    3.16165909e-15    0.00180256223    8.85603695e-15    1.56603466e-18    6.90056191e-18    9.2271487e-29    4.34096178e-28    1.91373718e-19    6.15271527e-26    5.34483794e-19    2.00977109e-31    7.03024538e-30    5.16676602e-31    5.29980654e-37    
62.0    1298.36    1.26223923e-17    0.145700906    0.85249897767    3.30362507e-13    3.40389133e-15    0.00180011633    8.35189236e-15    1.5525828e-18    7.53853409e-18    8.10894643e-29    3.93072409e-28    1.88557649e-19    5.50076459e-26    5.14410947e-19    1.73092216e-31    5.91079918e-30    4.45515584e-31    4.31637791e-37    
56.6    1292.38    1.20007092e-17    0.145699334    0.85250351077    3.30063956e-13    3.69733111e-15    0.00179715523    7.86106123e-15    1.55432133e-18    8.29390363e-18    7.28579865e-29    3.65833184e-28    1.87558923e-19    5.00119474e-26    4.9672025e-19    1.52781676e-31    5.06180291e-30    3.90669457e-31    3.61056627e-37    
51.6    1287.1    1.15403615e-17    0.145697535    0.85250904798    3.29687314e-13    4.06798543e-15    0.00179341702    7.36872478e-15    1.57392643e-18    9.22679397e-18    6.69497461e-29    3.50765763e-28    1.88601457e-19    4.62348523e-26    4.80913672e-19    1.38233319e-31    4.40734001e-30    3.47968785e-31    3.0985974e-37    
47.0    1282.46    1.12115997e-17    0.145695493    0.85251569423    3.29223646e-13    4.52471083e-15    0.00178881277    6.88307451e-15    1.60957281e-18    1.03597089e-17    6.27638788e-29    3.45268487e-28    1.9143465e-19    4.33839413e-26    4.66655392e-19    1.27867974e-31    3.89568935e-30    3.14299207e-31    2.72110007e-37    
42.9    1278.4    1.09771444e-17    0.145693283    0.85252323012    3.28687491e-13    5.05319967e-15    0.00178348688    6.42590941e-15    1.65551468e-18    1.16618816e-17    5.97414391e-29    3.46020668e-28    1.95405101e-19    4.11885685e-26    4.53764521e-19    1.20320128e-31    3.49064836e-30    2.87332895e-31    2.4355729e-37    
39.1    1274.83    1.08413133e-17    0.145690741    0.85253228488    3.28032057e-13    5.69965743e-15    0.00177697412    5.97732324e-15    1.7172287e-18    1.32387221e-17    5.78162669e-29    3.54599789e-28    2.01022743e-19    3.95879368e-26    4.41788405e-19    1.15325233e-31    3.16528333e-30    2.65622842e-31    2.22124889e-37    
35.6    1271.72    1.07891641e-17    0.145687827    0.85254306516    3.27240596e-13    6.48066379e-15    0.00176910784    5.54312011e-15    1.79379994e-18    1.51282465e-17    5.67595348e-29    3.70383701e-28    2.08121859e-19    3.84582733e-26    4.3046768e-19    1.12325027e-31    2.90056278e-30    2.47949931e-31    2.05921738e-37    
32.5    1268.99    1.07910832e-17    0.145684649    0.85255519112    3.26340458e-13    7.36924432e-15    0.00176015988    5.14356218e-15    1.87840532e-18    1.72672541e-17    5.6239955e-29    3.90726711e-28    2.15945907e-19    3.76417451e-26    4.19781266e-19    1.10587086e-31    2.68315145e-30    2.33346993e-31    1.93318243e-37    
29.6    1266.62    1.08669359e-17    0.145680918    0.85256982843    3.2524349e-13    8.45249397e-15    0.00174925357    4.75402665e-15    1.98004985e-18    1.98517323e-17    5.64030477e-29    4.19321091e-28    2.25308463e-19    3.71753234e-26    4.0918429e-19    1.10379101e-31    2.50141225e-30    2.21249898e-31    1.83901191e-37    
27.0    1264.55    1.09896274e-17    0.14567675    0.85258654925    3.23981066e-13    9.69946304e-15    0.00173670075    4.39349906e-15    2.09139261e-18    2.28053423e-17    5.69703083e-29    4.53614008e-28    2.353895e-19    3.69323586e-26    3.98723201e-19    1.1111583e-31    2.34814278e-30    2.11069257e-31    1.76641713e-37    
24.6    1262.75    1.11692823e-17    0.145671921    0.85260629466    3.22481095e-13    1.11814181e-14    0.00172178434    4.05018279e-15    2.21747987e-18    2.62820052e-17    5.80026933e-29    4.96121407e-28    2.46555682e-19    3.69226626e-26    3.87987508e-19    1.12922083e-31    2.21648314e-30    2.02434468e-31    1.71257966e-37    
22.4    1261.18    1.13993366e-17    0.14566636    0.85262939171    3.20717854e-13    1.29238331e-14    0.00170424829    3.72685927e-15    2.35712506e-18    3.03261079e-17    5.9410495e-29    5.47009606e-28    2.58541447e-19    3.71009219e-26    3.76806297e-19    1.1562568e-31    2.10161881e-30    1.9500685e-31    1.67297461e-37    
20.5    1259.82    1.16444468e-17    0.145660418    0.85265437796    3.18803095e-13    1.48162842e-14    0.00168520404    3.44211003e-15    2.49763884e-18    3.46732938e-17    6.08760062e-29    6.01191689e-28    2.70096117e-19    3.73427244e-26    3.65626405e-19    1.18576084e-31    2.0015472e-30    1.88532164e-31    1.64099593e-37    
18.7    1258.64    1.19499825e-17    0.145653386    0.85268424981    3.1650688e-13    1.70861146e-14    0.00166236419    3.1660037e-15    2.65627195e-18    3.9810849e-17    6.27340386e-29    6.67053676e-28    2.82545104e-19    3.77675243e-26    3.53420155e-19    1.2250971e-31    1.91059816e-30    1.82813124e-31    1.61953248e-37    
17.0    1257.61    1.23166782e-17    0.145645064    0.85271990531    3.13759082e-13    1.98027622e-14    0.00163503069    2.89985435e-15    2.83320838e-18    4.58534681e-17    6.49274049e-29    7.45900926e-28    2.95587627e-19    3.8352233e-26    3.39914199e-19    1.27366768e-31    1.82594322e-30    1.77644568e-31    1.60603704e-37    
15.5    1256.72    1.27050656e-17    0.145635962    0.85275916494    3.10727565e-13    2.28003425e-14    0.00160487306    2.66147097e-15    3.01269174e-18    5.23963977e-17    6.7109465e-29    8.30752987e-28    3.07751413e-19    3.89725992e-26    3.25839465e-19    1.32439826e-31    1.74795081e-30    1.7292242e-31    1.59528748e-37    
14.1    1255.95    1.31469269e-17    0.145625447    0.85280476464    3.07200996e-13    2.6287946e-14    0.00156978836    2.43550772e-15    3.20546165e-18    5.98358998e-17    6.94440521e-29    9.27842782e-28    3.19531073e-19    3.96943545e-26    3.10378462e-19    1.38170769e-31    1.67288417e-30    1.6848293e-31    1.58825703e-37    
12.9    1255.28    1.35889906e-17    0.145614476    0.8528525447    3.03501331e-13    2.99472461e-14    0.0015329793    2.239734e-15    3.39022066e-18    6.74515816e-17    7.1537306e-29    1.02582708e-27    3.29355322e-19    4.0378249e-26    2.94861306e-19    1.43683021e-31    1.60324059e-30    1.64350743e-31    1.580502e-37    
11.8    1254.7    1.40684369e-17    0.145602335    0.85290559497    2.99389825e-13    3.40144859e-14    0.00149207003    2.05820451e-15    3.57905364e-18    7.5678144e-17    7.35756544e-29    1.13148838e-27    3.37785108e-19    4.11020051e-26    2.78402473e-19    1.49487569e-31    1.53550353e-30    1.60379203e-31    1.57348937e-37    
10.7    1254.19    1.46474893e-17    0.145587606    0.85297013719    2.94383824e-13    3.89674049e-14    0.00144225681    1.87439883e-15    3.79007423e-18    8.53479338e-17    7.57630099e-29    1.25676743e-27    3.45095943e-19    4.19687225e-26    2.59363264e-19    1.56326879e-31    1.46417136e-30    1.56301157e-31    1.56803232e-37    
9.77    1253.75    1.52134083e-17    0.145572743    0.85303540968    2.89318284e-13    4.39800598e-14    0.00139184732    1.71788738e-15    3.98217946e-18    9.47658855e-17    7.74763009e-29    1.3759698e-27    3.49347671e-19    4.27383182e-26    2.40925873e-19    1.62564807e-31    1.39707932e-30    1.5239059e-31    1.55899996e-37    
8.91    1253.35    1.58224108e-17    0.145556538    0.85310670106    2.83783216e-13    4.94582834e-14    0.00133676094    1.57205594e-15    4.17144906e-18    1.04626072e-16    7.89061513e-29    1.49852799e-27    3.5093908e-19    4.35056459e-26    2.21710601e-19    1.68867592e-31    1.32938647e-30    1.48408917e-31    1.54736147e-37    
8.12    1252.95    1.64632383e-17    0.145539192    0.85318311823    2.77848252e-13    5.53333456e-14    0.00127768977    1.43737955e-15    4.35158532e-18    1.14708048e-16    7.99022855e-29    1.61902423e-27    3.49434469e-19    4.42222343e-26    2.02078465e-19    1.74936842e-31    1.26057104e-30    1.44250313e-31    1.53090606e-37    
7.41    1252.51    1.71040865e-17    0.14552133    0.85326189391    2.71728677e-13    6.13922375e-14    0.00121677609    1.31608789e-15    4.51238595e-18    1.24590589e-16    8.02776449e-29    1.72798252e-27    3.44655173e-19    4.48046735e-26    1.82792563e-19    1.80229725e-31    1.19099821e-30    1.39828976e-31    1.50689896e-37    
6.75    1251.92    1.77433519e-17    0.145502635    0.85334441548    2.65316982e-13    6.7741461e-14    0.00115294952    1.2034831e-15    4.65246135e-18    1.34412985e-16    7.9873677e-29    1.82090861e-27    3.36354922e-19    4.51926449e-26    1.63561501e-19    1.84430974e-31    1.11737973e-30    1.34815363e-31    1.47126599e-37    
6.16    1251.09    1.83085497e-17    0.145484282    0.85342548318    2.59017427e-13    7.39806112e-14    0.00109023482    1.10358261e-15    4.75684403e-18    1.43592812e-16    7.84426186e-29    1.8821503e-27    3.24919779e-19    4.52232924e-26    1.45542643e-19    1.86482072e-31    1.0406276e-30    1.29070333e-31    1.41950098e-37    
5.61    1249.84    1.87807977e-17    0.1454659    0.85350671509    2.52704657e-13    8.02336789e-14    0.00102738491    1.01155476e-15    4.82330417e-18    1.52389508e-16    7.58043366e-29    1.90528367e-27    3.10268944e-19    4.47925697e-26    1.283257e-19    1.85812805e-31    9.57274725e-31    1.22200344e-31    1.34670502e-37    
5.12    1248.05    1.90613973e-17    0.1454489    0.853581866711    2.4686397e-13    8.60195918e-14    0.000969233289    9.31280206e-16    4.83917347e-18    1.60304182e-16    7.18607038e-29    1.87726328e-27    2.93570127e-19    4.37284611e-26    1.1303997e-19    1.81323019e-31    8.69508334e-31    1.14175502e-31    1.25061572e-37    
4.67    1245.57    1.91209694e-17    0.145433091    0.853651765228    2.41431277e-13    9.14014581e-14    0.000915143772    8.5935954e-16    4.80436884e-18    1.67610183e-16    6.6647644e-29    1.79770064e-27    2.75182106e-19    4.19722937e-26    9.93488706e-20    1.72764621e-31    7.76568513e-31    1.0488466e-31    1.13145873e-37    
4.25    1242.29    1.89343734e-17    0.145418428    0.853716605915    2.36391314e-13    9.63940554e-14    0.000864966085    7.93942973e-16    4.71921773e-18    1.74497394e-16    6.03357973e-29    1.67036444e-27    2.55553766e-19    3.9521004e-26    8.70921942e-20    1.60266162e-31    6.79771693e-31    9.44489261e-32    9.93332899e-38    
3.88    1238.16    1.84353599e-17    0.145406298    0.853770239167    2.3222211e-13    1.00523192e-13    0.000823462833    7.38563312e-16    4.58412309e-18    1.80636647e-16    5.33352566e-29    1.50331511e-27    2.36479978e-19    3.64137899e-26    7.70680686e-20    1.4418094e-31    5.8453513e-31    8.33894837e-32    8.4500764e-38    
3.54    1233.15    1.76721032e-17    0.145395914    0.853816142118    2.286534e-13    1.04056435e-13    0.000787943882    6.89302306e-16    4.40837589e-18    1.86476646e-16    4.60125931e-29    1.31282147e-27    2.1781945e-19    3.28326496e-26    6.85342762e-20    1.25857434e-31    4.92339799e-31    7.205945e-32    6.95539967e-38    
3.22    1227.3    1.67020439e-17    0.145386709    0.853856825354    2.25489958e-13    1.07187132e-13    0.000756465646    6.43869883e-16    4.20058962e-18    1.92306272e-16    3.87511887e-29    1.11443458e-27    1.99519882e-19    2.89922144e-26    6.10348806e-20    1.06741648e-31    4.05701207e-31    6.09193756e-32    5.54061459e-38    
2.94    1220.69    1.55235507e-17    0.145380025    0.853886341485    2.23194083e-13    1.09456776e-13    0.000733633515    6.05893085e-16    3.9692179e-18    1.97766196e-16    3.19840484e-29    9.21660397e-28    1.83138788e-19    2.50727878e-26    5.51974441e-20    8.79060668e-32    3.28925988e-31    5.05556209e-32    4.28386153e-38    
2.68    1213.4    1.4246559e-17    0.145374511    0.853910676645    2.21300405e-13    1.11326708e-13    0.000714812355    5.711318e-16    3.7241002e-18    2.03322668e-16    2.58887488e-29    7.45083245e-28    1.67739256e-19    2.12952882e-26    5.01619064e-20    7.06071418e-32    2.61906459e-31    4.11886604e-32    3.22111153e-38    
2.44    1205.57    1.29304422e-17    0.145370034    0.853930414839    2.19763661e-13    1.12841816e-13    0.000699551161    5.39260051e-16    3.47329863e-18    2.09013312e-16    2.0608148e-29    5.90756545e-28    1.53429433e-19    1.78051442e-26    4.58122264e-20    5.54923217e-32    2.05325446e-31    3.30267832e-32    2.36419718e-38    
2.23    1197.32    1.16003469e-17    0.145367419    0.853941906474    2.18867441e-13    1.1372094e-13    0.000690674526    5.12324276e-16    3.22430755e-18    2.14565162e-16    1.62099763e-29    4.61198994e-28    1.40954197e-19    1.46819289e-26    4.24476236e-20    4.27631714e-32    1.59414407e-31    2.61752956e-32    1.70210878e-38    
2.03    1188.79    1.03508563e-17    0.145364771    0.853953541572    2.1795976e-13    1.14610668e-13    0.000681687428    4.85699107e-16    2.98208131e-18    2.2050944e-16    1.26038111e-29    3.5569053e-28    1.28988405e-19    1.19934417e-26    3.92083709e-20    3.25386222e-32    1.2230015e-31    2.05162238e-32    1.20624492e-38    
1.85    1180.13    9.18587761e-18    0.145362882    0.853961817255    2.17312833e-13    1.15241204e-13    0.000675300745    4.61516173e-16    2.75170992e-18    2.26542111e-16    9.73898797e-30    2.72208001e-28    1.18214704e-19    9.73040639e-27    3.64255778e-20    2.45215739e-32    9.33210819e-32    1.59825947e-32    8.46481991e-39    
1.69    1171.49    8.12624288e-18    0.145361704    0.853966947429    2.16910096e-13    1.15629146e-13    0.000671348571    4.39786647e-16    2.53699309e-18    2.32589143e-16    7.51189597e-30    2.07705788e-28    1.08640338e-19    7.86979769e-27    3.4058969e-20    1.83959216e-32    7.11448004e-32    1.24278453e-32    5.91843597e-39    
1.54    1163.04    7.2081143e-18    0.145359869    0.853974992403    2.1628059e-13    1.16241689e-13    0.000665138597    4.17886119e-16    2.34008307e-18    2.38969864e-16    5.79920138e-30    1.58768414e-28    9.95424818e-20    6.37996021e-27    3.16437258e-20    1.38497165e-32    5.42481081e-32    9.67430682e-33    4.14857818e-39    
1.4    1154.98    6.43497365e-18    0.145357017    0.853987556415    2.15299533e-13    1.17202813e-13    0.000655426585    3.95618035e-16    2.16301548e-18    2.45669986e-16    4.50377162e-30    1.22279108e-28    9.08970823e-20    5.21120824e-27    2.91333824e-20    1.0539866e-32    4.15752534e-32    7.57763589e-33    2.93833785e-39    
1.28    1147.48    5.78219465e-18    0.145354384    0.853999159894    2.14393123e-13    1.18090272e-13    0.000646456106    3.75783285e-16    2.00823527e-18    2.52129368e-16    3.54913996e-30    9.55873574e-29    8.34378958e-20    4.30660271e-27    2.69552129e-20    8.1486676e-33    3.23626308e-32    6.02037692e-33    2.12326861e-39    
1.17    1140.71    5.264645e-18    0.145350387    0.854016825573    2.1301541e-13    1.1944571e-13    0.000632787427    3.55691682e-16    1.87493492e-18    2.58688759e-16    2.84497253e-30    7.61919961e-29    7.64186299e-20    3.62295076e-27    2.4670346e-20    6.45887699e-33    2.56075082e-32    4.86638845e-33    1.57592245e-39    
1.06    1134.77    4.89061151e-18    0.145343097    0.854049108706    2.10501322e-13    1.21928882e-13    0.000607794294    3.32411642e-16    1.75997479e-18    2.65796089e-16    2.31814114e-30    6.20065709e-29    6.90292708e-20    3.1182337e-27    2.18525778e-20    5.29037291e-33    2.05491316e-32    4.00465388e-33    1.2062431e-39    
0.97    1129.66    4.5943876e-18    0.145336297    0.854079229225    2.08155781e-13    1.2424614e-13    0.000584473775    3.12496347e-16    1.66398041e-18    2.72149517e-16    1.93655689e-30    5.17311635e-29    6.28627238e-20    2.73903027e-27    1.95064327e-20    4.45408281e-33    1.69447143e-32    3.37819703e-33    9.56098207e-40    
0.884    1125.27    4.38711152e-18    0.145327484    0.854118292291    2.05115219e-13    1.27253806e-13    0.000554223709    2.91533435e-16    1.5798324e-18    2.78502468e-16    1.64331189e-30    4.39211717e-29    5.66728411e-20    2.45522589e-27    1.70105086e-20    3.85979851e-33    1.41937237e-32    2.9007479e-33    7.80102334e-40    
0.806    1121.38    4.23009855e-18    0.145318079    0.854159991348    2.01869996e-13    1.30465454e-13    0.000521929652    2.71425211e-16    1.50365789e-18    2.84516897e-16    1.41089589e-30    3.77160423e-29    5.08591049e-20    2.23116646e-27    1.46790058e-20    3.40981587e-33    1.20497358e-32    2.52481671e-33    6.49996795e-40    
0.735    1117.7    4.0941273e-18    0.145308667    0.854201725204    1.98622274e-13    1.33680152e-13    0.000489607796    2.52497175e-16    1.43079501e-18    2.90248646e-16    1.21564377e-30    3.2451967e-29    4.5450564e-20    2.03875837e-27    1.25848575e-20    3.03615789e-33    1.02870973e-32    2.20961538e-33    5.46236792e-40    
0.67    1113.9    3.9516639e-18    0.145299789    0.854241096399    1.95558084e-13    1.36712769e-13    0.000459114601    2.34967099e-16    1.35749831e-18    2.95865363e-16    1.04185629e-30    2.77083983e-29    4.04863522e-20    1.85619748e-27    1.07709534e-20    2.69045956e-33    8.75309195e-33    1.92658337e-33    4.56540291e-40    
0.611    1109.69    3.77724478e-18    0.145292106    0.854275162805    1.92906021e-13    1.39335826e-13    0.000432731195    2.19258092e-16    1.28188176e-18    3.01568056e-16    8.81532883e-31    2.32931192e-29    3.60852236e-20    1.66842091e-27    9.28427335e-21    2.34197448e-33    7.36355476e-33    1.65925753e-33    3.74359916e-40    
0.557    1104.83    3.55694087e-18    0.145285859    0.854302855596    1.90748816e-13    1.41466547e-13    0.000411285404    2.05294802e-16    1.20289176e-18    3.07655671e-16    7.31278489e-31    1.91499031e-29    3.22381655e-20    1.46921417e-27    8.09718351e-21    1.98125214e-33    6.07625097e-33    1.4005295e-33    2.97596013e-40    
0.508    1099.13    3.28411764e-18    0.145281403    0.854322601193    1.89208446e-13    1.42983273e-13    0.000395995807    1.93237063e-16    1.12110865e-18    3.14372705e-16    5.9216019e-31    1.5337469e-29    2.89889245e-20    1.25956038e-27    7.20075179e-21    1.61423626e-33    4.89128918e-33    1.1519202e-33    2.27220789e-40    
0.463    1092.48    2.96596536e-18    0.145278675    0.854334671499    1.88263696e-13    1.43906553e-13    0.000386653501    1.82778834e-16    1.03703215e-18    3.21983749e-16    4.66256966e-31    1.19267027e-29    2.62469433e-20    1.04709137e-27    6.53705966e-21    1.25970261e-33    3.82280528e-33    9.19155667e-34    1.6554729e-40    
0.422    1084.85    2.6144419e-18    0.145277845    0.854338315714    1.87972652e-13    1.44178351e-13    0.000383839286    1.73933474e-16    9.52107412e-19    3.30656024e-16    3.56443869e-31    8.99507481e-30    2.39917861e-20    8.41747403e-28    6.08575334e-21    9.37759792e-34    2.89446215e-33    7.0986849e-34    1.14639205e-40    
0.385    1076.24    2.24647661e-18    0.14527909    0.854332746689    1.88396407e-13    1.43737767e-13    0.000388163311    1.66705375e-16    8.67792136e-19    3.40496737e-16    2.64481532e-31    6.57875599e-30    2.21880486e-20    6.53454022e-28    5.83099083e-21    6.64570915e-34    2.12184095e-33    5.30167644e-34    7.53241155e-41    
0.351    1066.69    1.882957e-18    0.145282208    0.854318861997    1.89465073e-13    1.4265398e-13    0.000398930003    1.60663987e-16    7.84558668e-19    3.51628294e-16    1.90216342e-31    4.65776353e-30    2.06953178e-20    4.89991418e-28    5.72282268e-21    4.48612561e-34    1.50448903e-33    3.82692463e-34    4.69477109e-41    
0.32    1056.27    1.53944861e-18    0.145287383    0.854295837985    1.91242803e-13    1.40863255e-13    0.000416779015    1.55795052e-16    7.03468864e-19    3.64053182e-16    1.32654182e-31    3.19176982e-30    1.94697558e-20    3.55021508e-28    5.75680215e-21    2.88597998e-34    1.03283552e-33    2.67173049e-34    2.77814367e-41    
0.292    1045.05    1.22775906e-18    0.145294885    0.854262476912    1.93822742e-13    1.38273246e-13    0.000442638088    1.52119377e-16    6.25344589e-19    3.77681794e-16    8.97564635e-32    2.11609868e-30    1.84686157e-20    2.48734426e-28    5.93678275e-21    1.77118832e-34    6.87610949e-34    1.80617382e-34    1.56331452e-41    
0.266    1033.12    9.57014259e-19    0.145304446    0.854219971292    1.97112193e-13    1.349761e-13    0.000475582708    1.49147711e-16    5.50229157e-19    3.9248042e-16    5.88275874e-32    1.35344227e-30    1.7550279e-20    1.6878452e-28    6.21748693e-21    1.03983786e-34    4.43822094e-34    1.18273753e-34    8.3782155e-42    
0.242    1020.54    7.29323038e-19    0.145316299    0.854167283109    2.01192141e-13    1.3089185e-13    0.000516417891    1.46877917e-16    4.78779342e-19    4.08207851e-16    3.73434622e-32    8.33893879e-31    1.66759115e-20    1.11019495e-28    6.60054267e-21    5.8469127e-35    2.78091456e-34    7.50961541e-35    4.2827303e-42    
0.221    1007.4    5.42253694e-19    0.1453316    0.854099274251    2.06462804e-13    1.25624552e-13    0.000569125749    1.46e-16    4.11824963e-19    4.24052521e-16    2.29999254e-32    4.94650918e-31    1.59039508e-20    7.07725332e-29    7.16448097e-21    3.14672468e-35    1.69853928e-34    4.63424976e-35    2.09217246e-42    
0.202    993.755    3.93937947e-19    0.145350123    0.854016952261    2.12846436e-13    1.19252719e-13    0.000632924739    1.46060244e-16    3.49200996e-19    4.39370331e-16    1.3696257e-32    2.8093658e-31    1.50951072e-20    4.3758827e-29    7.86063033e-21    1.62335248e-35    1.00982041e-34    2.7777162e-35    9.76809093e-43    
0.184    979.645    2.8020399e-19    0.145371203    0.853923266399    2.20114515e-13    1.1200453e-13    0.000705530601    1.46429978e-16    2.91155906e-19    4.53571416e-16    7.85299157e-33    1.51980441e-31    1.4127648e-20    2.62548823e-29    8.60103337e-21    8.036314e-36    5.82540964e-35    1.6144529e-35    4.35393561e-43    
0.168    965.104    1.94440297e-19    0.14539619    0.853812226008    2.28734744e-13    1.0341986e-13    0.000791583992    1.47986377e-16    2.38153439e-19    4.64411766e-16    4.32961649e-33    7.79156898e-32    1.30620194e-20    1.52521037e-29    9.46181636e-21    3.80284945e-36    3.26846205e-35    9.10540932e-36    1.85074126e-43    
0.153    950.148    1.3180534e-19    0.14542408    0.853688283994    2.38362488e-13    9.38436316e-14    0.000887636006    1.50069077e-16    1.90481232e-19    4.70599936e-16    2.28041214e-33    3.75790469e-32    1.18083926e-20    8.56737388e-30    1.03145917e-20    1.71723927e-36    1.77313451e-35    4.96472162e-36    7.47002827e-44    
0.139    934.773    8.71119686e-20    0.145454731    0.853552072232    2.48950926e-13    8.33269622e-14    0.000993196768    1.52783881e-16    1.48445977e-19    4.69825195e-16    1.14043058e-33    1.69092528e-32    1.03847104e-20    4.6370675e-30    1.11004352e-20    7.35968017e-37    9.26242966e-36    2.60828917e-36    2.84676594e-44    
0.127    918.953    5.57513922e-20    0.145489512    0.85339752027    2.60977022e-13    7.14068362e-14    0.00111296773    1.57535503e-16    1.11913982e-19    4.56678999e-16    5.36868837e-34    6.98444205e-33    8.85357476e-21    2.40191949e-30    1.1869451e-20    2.95995411e-37    4.65231688e-36    1.31685403e-36    1.01649016e-44    
0.116    902.637    3.45198827e-20    0.14552616    0.8532346744    2.73661701e-13    5.88603267e-14    0.0012391656    1.63682991e-16    8.1146851e-20    4.29572248e-16    2.34740602e-34    2.61089153e-33    7.21812609e-21    1.1830373e-30    1.23960736e-20    1.10645257e-37    2.21760391e-36    6.33029112e-37    3.35617661e-45    
0.106    885.734    2.05515661e-20    0.14556338    0.85306929457    2.86559356e-13    4.6134522e-14    0.00136732543    1.71742799e-16    5.60811346e-20    3.86280967e-16    9.3739439e-35    8.64216274e-34    5.5635657e-21    5.48048114e-31    1.25571094e-20    3.77924511e-38    9.90600778e-37    2.86775289e-37    1.00684347e-45    
0.0962    868.11    1.17123489e-20    0.145598072    0.85291515985    2.98595231e-13    3.42897746e-14    0.00148676815    1.8100094e-16    3.67060994e-20    3.30453771e-16    3.35603733e-35    2.48741581e-34    4.00619581e-21    2.35875191e-31    1.2166914e-20    1.15866205e-38    4.06485797e-37    1.2053828e-37    2.6828246e-46    
0.0877    849.555    6.27633796e-21    0.145630028    0.8527732023    3.09697788e-13    2.33993135e-14    0.0015967697    1.9435403e-16    2.22777724e-20    2.61009597e-16    1.04150605e-35    5.92082403e-35    2.64560977e-21    9.20736345e-32    1.12839906e-20    3.06971067e-39    1.50359894e-37    4.61750737e-38    6.1362476e-47    
0.08    829.752    3.11085785e-21    0.145656451    0.85265586147    3.18890576e-13    1.44145626e-14    0.00168768753    2.12733282e-16    1.2314945e-20    1.87256952e-16    2.69173965e-36    1.11097862e-35    1.56874772e-21    3.16694472e-32    9.88601416e-21    6.73601366e-40    4.84322752e-38    1.5644225e-38    1.14924916e-47    
0.0729    808.188    1.38521003e-21    0.145675975    0.85256922182    3.25690353e-13    7.79566369e-15    0.00175480318    2.38659349e-16    6.02759107e-21    1.19180798e-16    5.45130657e-37    1.5227516e-36    8.12216486e-22    9.16775221e-33    8.09786824e-21    1.14503949e-40    1.29286317e-38    4.47954296e-39    1.63962467e-48    
0.0665    784.87    5.45752296e-22    0.145688293    0.8525146623    3.29980028e-13    3.6398478e-15    0.0017970447    2.75871877e-16    2.57385998e-21    6.63609153e-17    8.39742831e-38    1.46629334e-37    3.62370506e-22    2.18353507e-33    6.18918335e-21    1.4583209e-41    2.79704367e-39    1.06157065e-39    1.72149087e-49    
0.0606    762.763    2.14311485e-22    0.145694197    0.85248863764    3.32028515e-13    1.6655526e-15    0.00181716536    3.18592756e-16    1.08284825e-21    3.60272332e-17    1.26009254e-38    1.36626834e-38    1.57356822e-22    5.13630053e-34    4.60998352e-21    1.818511e-42    5.93262934e-40    2.48456413e-40    1.76760811e-50    
0.0553    741.984    8.46238892e-23    0.145696959    0.85247660503    3.32975047e-13    7.58596352e-16    0.00182643597    3.67574634e-16    4.5524755e-22    1.94037536e-17    1.89486829e-39    1.27571846e-39    6.78900727e-23    1.21457554e-34    3.40188292e-21    2.28126832e-43    1.26247589e-40    5.84992179e-41    1.82863722e-51    
0.0504    722.609    3.39715239e-23    0.145698252    0.85247113017    3.33403391e-13    3.50864957e-16    0.00183061783    4.21588029e-16    1.94245633e-22    1.05779862e-17    2.93513166e-40    1.23907557e-40    2.96448464e-23    2.93951256e-35    2.51105185e-21    2.96011536e-44    2.74707042e-41    1.408234e-41    1.96003812e-52    
0.0459    704.679    1.39883191e-23    0.145698887    0.85246859697    3.3359855e-13    1.66531201e-16    0.00183251603    4.79908737e-16    8.4964995e-23    5.89365206e-18    4.78072326e-41    1.28503762e-41    1.32510698e-23    7.38823744e-36    1.86512611e-21    4.05953309e-45    6.2122543e-42    3.51629859e-42    2.22776477e-53    
0.0419    688.204    5.94807168e-24    0.145699235    0.85246736759    3.33689576e-13    8.13622653e-17    0.00183339741    5.42831073e-16    3.8318201e-23    3.36259349e-18    8.31138206e-42    1.44743124e-42    6.1011879e-24    1.95088725e-36    1.3996011e-21    5.97993054e-46    1.48058113e-42    9.22327057e-43    2.73633511e-54    
0.0382    673.164    2.63499352e-24    0.145699448    0.85246673975    3.33732651e-13    4.15195444e-17    0.00183381225    6.06961025e-16    1.80109445e-23    1.9911119e-18    1.57095646e-42    1.81775085e-43    2.92524029e-24    5.4813542e-37    1.06400038e-21    9.64861587e-47    3.7619447e-43    2.56854086e-43    3.70125414e-55    
0.0348    659.519    1.22293619e-24    0.145699599    0.85246638641    3.33753803e-13    2.2238366e-17    0.00183401459    6.70366031e-16    8.87045507e-24    1.22830367e-18    3.26600179e-43    2.58249338e-44    1.46818871e-24    1.6532003e-37    8.21124917e-22    1.72691967e-47    1.02871085e-43    7.66115517e-44    5.58983015e-56    
0.0317    647.211    5.97067668e-25    0.145699717    0.85246616555    3.33764648e-13    1.25389626e-17    0.00183411745    7.31158789e-16    4.59432846e-24    7.91077297e-19    7.53163468e-44    4.19349833e-45    7.74143449e-25    5.38721731e-38    6.44213166e-22    3.46035329e-48    3.04904152e-44    2.46366705e-44    9.52292786e-57    
0.0289    636.169    3.07436745e-25    0.145699815    0.85246601284    3.33770479e-13    7.45057851e-18    0.00183417216    7.8776038e-16    2.50748691e-24    5.32136747e-19    1.93675346e-44    7.83032826e-46    4.2964725e-25    1.90473349e-38    5.14283326e-22    7.80803378e-49    9.84293775e-45    8.58043218e-45    1.84247516e-57    
0.0264    626.31    1.67103055e-25    0.145699899    0.8524658983    3.33773778e-13    4.66057022e-18    0.0018342027    8.39196575e-16    1.44238599e-24    3.73349064e-19    5.56361276e-45    1.68370013e-46    2.51020973e-25    7.31924835e-39    4.17928033e-22    1.9881119e-49    3.46894197e-45    3.24357784e-45    4.06027618e-58    
0.0241    617.549    9.60466033e-26    0.145699965    0.85246581473    3.33775702e-13    3.08641936e-18    0.00183422027    8.81600371e-16    8.77163091e-25    2.74705461e-19    1.7917428e-45    4.19574029e-47    1.54849766e-25    3.06307476e-39    3.45745207e-22    5.73318838e-50    1.3356316e-45    1.33180889e-45    1.02160147e-58    
0.0219    609.794    5.84353344e-26    0.14570001    0.85246575948    3.33776834e-13    2.17844221e-18    0.00183423052    9.10085498e-16    5.6559308e-25    2.13416196e-19    6.48113272e-46    1.21800654e-47    1.01148022e-25    1.39681318e-39    2.9107407e-22    1.87566663e-50    5.60950685e-46    5.93169751e-46    2.93389495e-59    
