# Abundance units (by number or mass):
@ABUNDANCE
number

# Pressure units:
@PRESSURE
bar

# Atmospheric composition:
@SPECIES
H He H2 H2O CO CH4 NH3 HCN CO2 H2CO C2H2 C2H4 NO C2H6 O2 H2O2 N2O NO2
@DATA
992.0    2225.2    1.8071875e-14    0.145522086    0.854477509118    7.89665458e-14    4.76346069e-15    4.09822668e-14    5.86242835e-15    4.04881383e-07    8.50002308e-19    2.46989537e-18    1.94085431e-18    3.19339126e-18    6.85893867e-22    5.66219689e-19    1.55597452e-25    4.08182001e-25    6.78506945e-27    2.12376646e-30    
958.28    2206.25    1.65321111e-14    0.145522086    0.854477533142    7.9100807e-14    4.62967597e-15    4.11365651e-14    5.8236392e-15    3.80858336e-07    8.37201983e-19    2.327167e-18    1.74212706e-18    3.01643112e-18    5.98142016e-22    5.51157737e-19    1.28114774e-25    3.49894902e-25    5.84183618e-27    1.6947225e-30    
925.7    2187.29    1.50985268e-14    0.145522086    0.854477556601    7.92421626e-14    4.48876812e-15    4.12968416e-14    5.7882352e-15    3.57399129e-07    8.22677295e-19    2.18822569e-18    1.55785693e-18    2.84356026e-18    5.19955905e-22    5.36185873e-19    1.05048712e-25    2.99052425e-25    5.012148e-27    1.34573937e-30    
893.99    2168.35    1.37660269e-14    0.145522086    0.854477579104    7.93837247e-14    4.34762209e-15    4.14561757e-14    5.75306285e-15    3.34895358e-07    8.07857927e-19    2.05493196e-18    1.38963028e-18    2.67696096e-18    4.50871428e-22    5.21323278e-19    8.58522477e-26    2.54901633e-25    4.28890769e-27    1.06445358e-30    
862.92    2149.43    1.25337951e-14    0.145522086    0.854477600758    7.95273543e-14    4.20438112e-15    4.16164751e-14    5.7192279e-15    3.13242212e-07    7.92098621e-19    1.92651307e-18    1.23587564e-18    2.51569482e-18    3.89871474e-22    5.0643607e-19    6.9906507e-26    2.16646159e-25    3.65843611e-27    8.38132956e-31    
832.92    2130.51    1.13888396e-14    0.145522086    0.85447762153    7.96720338e-14    4.06006358e-15    4.17767885e-14    5.68629969e-15    2.92470207e-07    7.7592079e-19    1.80343907e-18    1.09587553e-18    2.36051043e-18    3.36187801e-22    4.91741598e-19    5.67143526e-26    1.83596802e-25    3.1116587e-27    6.57140432e-31    
803.49    2111.51    1.03260268e-14    0.145522087    0.854477640455    7.98170117e-14    3.91542395e-15    4.19364468e-14    5.65352941e-15    2.72544934e-07    7.59322655e-19    1.68519934e-18    9.68491706e-19    2.21070742e-18    2.88895183e-22    4.77038786e-19    4.58004948e-26    1.55007431e-25    2.6366817e-27    5.12371662e-31    
774.93    2092.49    9.34451442e-15    0.145522087    0.854477659736    7.99674601e-14    3.76529507e-15    4.21006661e-14    5.62439749e-15    2.53264253e-07    7.41000962e-19    1.57074894e-18    8.52044125e-19    2.06522475e-18    2.47302208e-22    4.62356814e-19    3.68001991e-26    1.30376772e-25    2.22464019e-27    3.97077752e-31    
747.26    2073.4    8.43472103e-15    0.145522087    0.854477678116    8.01171471e-14    3.6159054e-15    4.22632235e-14    5.59540513e-15    2.34883794e-07    7.2259144e-19    1.46160098e-18    7.47044286e-19    1.92583517e-18    2.10978447e-22    4.47827797e-19    2.94371525e-26    1.0926931e-25    1.87047622e-27    3.0611952e-31    
720.03    2054.05    7.58491263e-15    0.145522087    0.854477695726    8.02658403e-14    3.4674905e-15    4.24240326e-14    5.56524763e-15    2.17273644e-07    7.04266891e-19    1.35684317e-18    6.51988765e-19    1.79146776e-18    1.79070747e-22    4.3329332e-19    2.33846264e-26    9.10472789e-26    1.56421643e-27    2.34079249e-31    
693.79    2034.69    6.80572457e-15    0.145522087    0.854477712594    8.04179795e-14    3.31561338e-15    4.25874427e-14    5.53855875e-15    2.00406159e-07    6.84573502e-19    1.25641504e-18    5.66359208e-19    1.66220419e-18    1.51394098e-22    4.1886753e-19    1.8482869e-26    7.55796437e-26    1.30259904e-27    1.77911681e-31    
668.07    2015.43    6.09825984e-15    0.145522087    0.854477728382    8.05658679e-14    3.16796632e-15    4.27456879e-14    5.51137344e-15    1.84617441e-07    6.65057818e-19    1.16195604e-18    4.90870352e-19    1.54006593e-18    1.27699739e-22    4.04549106e-19    1.45658077e-26    6.25677147e-26    1.08192768e-27    1.34699744e-31    
643.11    1996.22    5.45416225e-15    0.145522088    0.854477742331    8.07139458e-14    3.0201142e-15    4.29033274e-14    5.48642819e-15    1.69668551e-07    6.44745632e-19    1.07225389e-18    4.23759067e-19    1.42366679e-18    1.07345399e-22    3.90341785e-19    1.14287103e-26    5.16143636e-26    8.95265896e-28    1.01429719e-31    
618.97    1976.93    4.8639447e-15    0.145522088    0.854477756552    8.08631187e-14    2.87115384e-15    4.30613684e-14    5.46393709e-15    1.55447584e-07    6.23587267e-19    9.867442e-19    3.63925011e-19    1.31233515e-18    8.98150984e-23    3.7623891e-19    8.91308504e-27    4.23771019e-26    7.37135017e-28    7.58227427e-32    
595.38    1957.4    4.32041068e-15    0.145522088    0.854477770115    8.10132204e-14    2.72125344e-15    4.32197313e-14    5.44321732e-15    1.41884593e-07    6.01681962e-19    9.04950539e-19    3.1054233e-19    1.20549281e-18    7.46837142e-23    3.62142511e-19    6.89449428e-27    3.45648097e-26    6.02919417e-28    5.61273681e-32    
572.69    1937.87    3.82706587e-15    0.145522089    0.854477781853    8.11619101e-14    2.57275176e-15    4.33760012e-14    5.42455652e-15    1.29146394e-07    5.79410504e-19    8.27912132e-19    2.63751143e-19    1.10454675e-18    6.18470903e-23    3.48263968e-19    5.30519379e-27    2.80732703e-26    4.91028653e-28    4.12859423e-32    
550.47    1918.26    3.38025008e-15    0.145522089    0.854477793821    8.13090699e-14    2.42576866e-15    4.35301215e-14    5.40770394e-15    1.17178696e-07    5.5661428e-19    7.55149737e-19    2.22796461e-19    1.00889585e-18    5.09577058e-23    3.34430352e-19    4.05554569e-27    2.26769054e-26    3.97678278e-28    3.01211295e-32    
529.05    1898.64    2.97661395e-15    0.145522089    0.854477804979    8.14533155e-14    2.28168776e-15    4.36807189e-14    5.3923798e-15    1.06020814e-07    5.33769316e-19    6.87055718e-19    1.87292915e-19    9.19108878e-19    4.18025061e-23    3.20831315e-19    3.08313048e-27    1.82338029e-26    3.20610866e-28    2.18272659e-32    
508.13    1878.99    2.61376549e-15    0.14552209    0.854477814359    8.15943281e-14    2.14082933e-15    4.38275149e-14    5.37851032e-15    9.56408273e-08    5.1076864e-19    6.2333368e-19    1.56639355e-19    8.34824782e-19    3.41280308e-23    3.0734958e-19    2.32961797e-27    1.45856675e-26    2.57125089e-28    1.56951511e-32    
487.79    1859.31    2.28846475e-15    0.14552209    0.854477824008    8.17326406e-14    2.00266159e-15    4.3971081e-14    5.3670626e-15    8.59923314e-08    4.87449999e-19    5.63758348e-19    1.30264297e-19    7.55824717e-19    2.77223516e-23    2.94014802e-19    1.74901178e-27    1.16050376e-26    2.05075663e-28    1.11949986e-32    
468.15    1839.64    1.99797856e-15    0.145522091    0.854477831973    8.18689908e-14    1.8664482e-15    4.4112189e-14    5.35923438e-15    7.70269833e-08    4.63560308e-19    5.08115664e-19    1.07658259e-19    6.81896515e-19    2.24014417e-23    2.80863558e-19    1.30454988e-27    9.18439081e-27    1.62650549e-28    7.91963585e-33    
449.07    1819.99    1.73913624e-15    0.145522091    0.854477840166    8.19990419e-14    1.73652341e-15    4.42465162e-14    5.3517571e-15    6.88336925e-08    4.40386801e-19    4.56921697e-19    8.85892389e-20    6.1368581e-19    1.80258942e-23    2.67986744e-19    9.67883949e-28    7.23396896e-27    1.28409226e-28    5.56482981e-33    
430.72    1800.32    1.50845331e-15    0.145522092    0.854477846715    8.21254695e-14    1.61021438e-15    4.43767958e-14    5.34690596e-15    6.12852981e-08    4.17231795e-19    4.09524607e-19    7.24441022e-20    5.5041956e-19    1.44257037e-23    2.55381652e-19    7.13193022e-28    5.6654159e-27    1.00798025e-28    3.87709748e-33    
412.7    1780.35    1.3013176e-15    0.145522093    0.85447785273    8.22495939e-14    1.48620296e-15    4.45044222e-14    5.34492811e-15    5.42703073e-08    3.93747372e-19    3.65150711e-19    5.8686265e-20    4.91086992e-19    1.14417733e-23    2.42821118e-19    5.19455572e-28    4.39455826e-27    7.83603045e-29    2.66280673e-33    
395.42    1760.38    1.11845223e-15    0.145522093    0.854477859139    8.23694197e-14    1.36648317e-15    4.46273742e-14    5.34569691e-15    4.78612681e-08    3.70391223e-19    3.24395895e-19    4.72169563e-20    4.36513887e-19    9.0209806e-24    2.30567862e-19    3.7558978e-28    3.38827571e-27    6.0550124e-29    1.81210832e-33    
378.45    1740.43    9.58224819e-16    0.145522094    0.854477863888    8.24815411e-14    1.25445898e-15    4.47422598e-14    5.34715944e-15    4.21121535e-08    3.48101702e-19    2.87460214e-19    3.78142539e-20    3.86953274e-19    7.07990519e-24    2.18602334e-19    2.69930251e-28    2.59751896e-27    4.65278539e-29    1.22368529e-33    
362.17    1720.49    8.17794422e-16    0.145522095    0.854477868105    8.25892152e-14    1.14687634e-15    4.48523847e-14    5.35113936e-15    3.6895204e-08    3.25995316e-19    2.53727148e-19    3.0063456e-20    3.41642989e-19    5.5205006e-24    2.06950263e-19    1.92474715e-28    1.97841378e-27    3.55227528e-29    8.18120025e-34    
346.38    1700.63    6.95825943e-16    0.145522095    0.854477872757    8.26897722e-14    1.04640332e-15    4.49550901e-14    5.35683797e-15    3.22430103e-08    3.04874179e-19    2.23381136e-19    2.37887288e-20    3.00829817e-19    4.28603533e-24    1.95672167e-19    1.36478446e-28    1.49914631e-27    2.69831177e-29    5.4311795e-34    
331.23    1680.8    5.8981594e-16    0.145522096    0.854477875951    8.27859209e-14    9.50333783e-16    4.50531301e-14    5.36480571e-15    2.80483999e-08    2.83927391e-19    1.95820597e-19    1.86770131e-20    2.63740393e-19    3.30435661e-24    1.84702726e-19    9.59760257e-29    1.12838565e-27    2.03598784e-29    3.56712981e-34    
316.42    1660.71    4.96885533e-16    0.145522097    0.854477878675    8.28777997e-14    8.5852983e-16    4.51466787e-14    5.37392206e-15    2.432524e-08    2.63250183e-19    1.7067147e-19    1.45053388e-20    2.29833008e-19    2.52053569e-24    1.73911885e-19    6.66086567e-29    8.40159092e-28    1.52004281e-29    2.30412573e-34    
302.14    1640.53    4.16353719e-16    0.145522098    0.854477881012    8.2964764e-14    7.71636028e-16    4.52351058e-14    5.38466032e-15    2.09874876e-08    2.4304124e-19    1.47983173e-19    1.1157728e-20    1.99234426e-19    1.90521245e-24    1.63426916e-19    4.57147181e-29    6.19916537e-28    1.12491579e-29    1.4676367e-34    
288.36    1620.16    3.46635244e-16    0.1455221    0.854477882105    8.30475762e-14    6.88891075e-16    4.53192093e-14    5.39908842e-15    1.78952135e-08    2.23083023e-19    1.27453043e-19    8.4816313e-21    1.71591902e-19    1.42439701e-24    1.53198887e-19    3.09433432e-29    4.52398464e-28    8.23395295e-30    9.19084536e-35    
275.14    1599.7    2.86942221e-16    0.145522103    0.854477881884    8.31254743e-14    6.11057486e-16    4.53982297e-14    5.41826702e-15    1.51158494e-08    2.03600493e-19    1.09098067e-19    6.37616216e-21    1.46886861e-19    1.05444805e-24    1.43291945e-19    2.06834129e-29    3.26919976e-28    5.967314e-30    5.66869501e-35    
262.23    1579.61    2.37327095e-16    0.14552211    0.854477877268    8.31943894e-14    5.42202195e-16    4.54680875e-14    5.44182125e-15    1.27315933e-08    1.85941267e-19    9.33231004e-20    4.78956971e-21    1.25653803e-19    7.80450517e-25    1.3391636e-19    1.38018071e-29    2.3569905e-28    4.31289376e-30    3.49138445e-35    
249.84    1559.64    1.95542311e-16    0.145522119    0.854477870279    8.3257234e-14    4.79415291e-16    4.55317277e-14    5.46424563e-15    1.0720818e-08    1.69329538e-19    7.9541442e-20    3.57275162e-21    1.07076389e-19    5.73598344e-25    1.24966219e-19    9.13407076e-30    1.68808192e-28    3.09845509e-30    2.1278069e-35    
237.83    1540.77    1.62265341e-16    0.145522132    0.854477858877    8.3308895e-14    4.27805605e-16    4.55840226e-14    5.48228821e-15    9.12325104e-09    1.55538805e-19    6.83189165e-20    2.70336126e-21    9.19269944e-20    4.27134454e-25    1.16844749e-19    6.14344412e-30    1.22269312e-28    2.25151737e-30    1.32204462e-35    
226.36    1522.1    1.34320701e-16    0.14552215    0.854477842271    8.33565409e-14    3.80212751e-16    4.56322064e-14    5.49841582e-15    7.72872718e-09    1.42308526e-19    5.84712148e-20    2.03270825e-21    7.86397984e-20    3.16063234e-25    1.09100078e-19    4.10412649e-30    8.81137231e-29    1.62884831e-30    8.1394357e-36    
215.2    1504.28    1.11805037e-16    0.145522175    0.854477818416    8.33966831e-14    3.40123221e-16    4.56727834e-14    5.51110015e-15    6.58374322e-09    1.30965421e-19    5.03090924e-20    1.54416003e-21    6.76236584e-20    2.36045225e-25    1.01984053e-19    2.77323313e-30    6.40023721e-29    1.18774624e-30    5.07869924e-36    
204.56    1486.59    9.27754994e-17    0.145522207    0.8544777874    8.34335985e-14    3.03263586e-16    4.57100661e-14    5.52007747e-15    5.60029171e-09    1.20192837e-19    4.31489591e-20    1.16603703e-21    5.79620066e-20    1.75130569e-25    9.52226361e-20    1.86039228e-30    4.62345967e-29    8.62224776e-31    3.13920837e-36    
194.24    1469.54    7.72634758e-17    0.145522248    0.854477747216    8.34652815e-14    2.71640566e-16    4.57420473e-14    5.52510567e-15    4.78349463e-09    1.1076831e-19    3.71387729e-20    8.86573345e-22    4.98534722e-20    1.30684969e-25    8.89697575e-20    1.25706334e-30    3.35628636e-29    6.29160661e-31    1.95658191e-36    
184.37    1453.07    6.45240375e-17    0.145522307    0.854477688906    8.34930333e-14    2.43960383e-16    4.57700408e-14    5.52566953e-15    4.09421172e-09    1.02315724e-19    3.20400122e-20    6.77153466e-22    4.2978379e-20    9.78710806e-26    8.31750726e-20    8.53790376e-31    2.4455735e-29    4.61091675e-31    1.22641245e-36    
174.88    1437.58    5.43429835e-17    0.145522396    0.854477600477    8.35161074e-14    2.20979329e-16    4.57933017e-14    5.51953178e-15    3.52290068e-09    9.52016647e-20    2.78548696e-20    5.24919844e-22    3.73387327e-20    7.4274899e-26    7.79294063e-20    5.90013433e-31    1.80467336e-29    3.42341428e-31    7.842671e-37    
165.77    1422.34    4.57488403e-17    0.145522521    0.854477475974    8.35371045e-14    2.00103264e-16    4.5814448e-14    5.5042917e-15    3.02585232e-09    8.85598722e-20    2.4199727e-20    4.06492213e-22    3.24177779e-20    5.62030027e-26    7.29810097e-20    4.06931218e-31    1.32951119e-29    2.54147562e-31    4.996195e-37    
157.06    1407.28    3.84607385e-17    0.145522667    0.854477330406    8.35563426e-14    1.8100379e-16    4.58338061e-14    5.48029869e-15    2.59355148e-09    8.23168301e-20    2.099521e-20    3.14026715e-22    2.81083289e-20    4.23483596e-26    6.83088348e-20    2.79636486e-31    9.76685e-30    1.88445185e-31    3.1648988e-37    
148.73    1392.46    3.23108586e-17    0.145522816    0.854477181774    8.35737555e-14    1.63730195e-16    4.58513165e-14    5.45096784e-15    2.22629289e-09    7.65394697e-20    1.82077363e-20    2.4241408e-22    2.43626078e-20    3.1844194e-26    6.39239083e-20    1.91818073e-31    7.16464054e-30    1.39668517e-31    1.99954915e-37    
140.79    1378.26    2.72696707e-17    0.145522955    0.854477043068    8.35886652e-14    1.48949797e-16    4.58663037e-14    5.41969987e-15    1.93145971e-09    7.15444332e-20    1.58687018e-20    1.88821516e-22    2.12181047e-20    2.41424993e-26    5.99116773e-20    1.32897255e-31    5.29414183e-30    1.04265505e-31    1.27884421e-37    
133.16    1365.57    2.34307349e-17    0.145523084    0.854476914292    8.35995398e-14    1.38193499e-16    4.58772343e-14    5.38755279e-15    1.70832681e-09    6.80446918e-20    1.40774684e-20    1.52078587e-22    1.88108435e-20    1.89062117e-26    5.64620555e-20    9.57524667e-32    4.02517976e-30    7.99467789e-32    8.57767811e-38    
125.85    1353.44    2.0238192e-17    0.145523211    0.854476787475    8.36087987e-14    1.29049913e-16    4.58865371e-14    5.35375705e-15    1.52451386e-09    6.51007546e-20    1.25575259e-20    1.23747257e-22    1.67681394e-20    1.49449353e-26    5.32984601e-20    6.97735376e-32    3.0850283e-30    6.17764618e-32    5.83277368e-38    
118.88    1341.73    1.75421934e-17    0.145523339    0.854476659633    8.36169506e-14    1.21013141e-16    4.58947237e-14    5.31789219e-15    1.36696799e-09    6.25210696e-20    1.12406102e-20    1.01388095e-22    1.50025256e-20    1.18847365e-26    5.03693512e-20    5.12205836e-32    2.37685856e-30    4.79871676e-32    4.00170183e-38    
112.28    1329.93    1.51420454e-17    0.145523469    0.854476529772    8.36250352e-14    1.13045665e-16    4.59028369e-14    5.27977808e-15    1.22815097e-09    5.98587845e-20    1.00243631e-20    8.24547678e-23    1.33710198e-20    9.3751839e-27    4.75460877e-20    3.72412538e-32    1.81829087e-30    3.70486986e-32    2.71378452e-38    
106.0    1318.53    1.31134893e-17    0.1455236    0.85447639889    8.36321748e-14    1.06024172e-16    4.59099977e-14    5.23948703e-15    1.10993327e-09    5.75187584e-20    8.97025777e-21    6.74841734e-23    1.19579375e-20    7.43608222e-27    4.49309512e-20    2.72629985e-32    1.39777683e-30    2.8747076e-32    1.85558684e-38    
99.989    1308.0    1.14834829e-17    0.145523733    0.854476265988    8.36376655e-14    1.00651562e-16    4.59155022e-14    5.19704309e-15    1.01216919e-09    5.5862543e-20    8.11351885e-21    5.639982e-23    1.08141338e-20    6.01564733e-27    4.26064848e-20    2.04452887e-32    1.0932573e-30    2.26762961e-32    1.3060999e-38    
94.276    1298.14    1.01384606e-17    0.145523865    0.854476134068    8.36420292e-14    9.64047481e-17    4.59198744e-14    5.15295873e-15    9.31858276e-10    5.46806223e-20    7.39751458e-21    4.78608548e-23    9.86006125e-21    4.93697406e-27    4.05088889e-20    1.56049811e-32    8.65999516e-31    1.81074496e-32    9.39081282e-39    
88.864    1288.64    8.98355265e-18    0.145523993    0.854476006133    8.36457703e-14    9.27776032e-17    4.59236205e-14    5.10807243e-15    8.66443703e-10    5.37573374e-20    6.7732369e-21    4.08985397e-23    9.02433052e-21    4.0775298e-27    3.85641855e-20    1.2001887e-32    6.89708121e-31    1.45371286e-32    6.81609613e-39    
83.704    1279.74    8.02394675e-18    0.145524117    0.854475882186    8.36485695e-14    9.00876766e-17    4.59264217e-14    5.06290013e-15    8.14132536e-10    5.32693273e-20    6.2501724e-21    3.54871995e-23    8.32731359e-21    3.41699485e-27    3.68071255e-20    9.39161817e-33    5.560647e-31    1.18066952e-32    5.05312533e-39    
78.821    1271.41    7.22117199e-18    0.145524236    0.854475763227    8.36505766e-14    8.81847845e-17    4.59284286e-14    5.01767296e-15    7.72855428e-10    5.31608497e-20    5.80999318e-21    3.1228978e-23    7.74266559e-21    2.90263084e-27    3.52184651e-20    7.46975154e-33    4.53598613e-31    9.69696896e-33    3.821888e-39    
74.207    1263.46    6.52969239e-18    0.145524349    0.854475650259    8.36520151e-14    8.68456524e-17    4.59298655e-14    4.97237934e-15    7.40747236e-10    5.33427977e-20    5.430624e-21    2.77288967e-23    7.23415398e-21    2.486766e-27    3.37543883e-20    6.0013185e-33    3.72678333e-31    8.02026018e-33    2.9272517e-39    
69.821    1256.1    5.95499457e-18    0.145524457    0.854475542283    8.36526718e-14    8.62833415e-17    4.59305193e-14    4.92696567e-15    7.16489425e-10    5.39374545e-20    5.11555029e-21    2.50229261e-23    6.81791182e-21    2.16383719e-27    3.24402268e-20    4.91120853e-33    3.10214279e-31    6.71644415e-33    2.29336093e-39    
65.673    1249.13    5.46139136e-18    0.14552456    0.854475439301    8.36527448e-14    8.630001e-17    4.59305886e-14    4.88143459e-15    6.98954923e-10    5.48648206e-20    4.84777857e-21    2.28218354e-23    6.46252547e-21    1.9019757e-27    3.1236239e-20    4.06720711e-33    2.60397585e-31    5.67087735e-33    1.8235716e-39    
61.753    1242.51    5.0327292e-18    0.145524657    0.854475342313    8.36522617e-14    8.68676235e-17    4.59301015e-14    4.835949e-15    6.87317074e-10    5.61297681e-20    4.62055512e-21    2.1003903e-23    6.15582132e-21    1.68631365e-27    3.01265123e-20    3.40229415e-33    2.20132464e-31    4.82161564e-33    1.46851933e-39    
58.05    1236.4    4.67466931e-18    0.145524748    0.854475251319    8.36510564e-14    8.81517009e-17    4.59288919e-14    4.79085539e-15    6.80914558e-10    5.78288165e-20    4.4364877e-21    1.96195379e-23    5.91053383e-21    1.5168661e-27    2.9131763e-20    2.89492932e-33    1.88363751e-31    4.14759764e-33    1.20784885e-39    
54.551    1230.71    4.37061329e-18    0.145524833    0.854475166321    8.36491413e-14    9.01394574e-17    4.59269728e-14    4.74633878e-15    6.79065476e-10    5.99818411e-20    4.28928903e-21    1.85532744e-23    5.71268689e-21    1.38091115e-27    2.8230806e-20    2.49775015e-33    1.62775237e-31    3.60199385e-33    1.01097481e-39    
51.25    1225.38    4.10925878e-18    0.145524911    0.854475088319    8.36464867e-14    9.28609365e-17    4.59243145e-14    4.7023158e-15    6.8115424e-10    6.26324625e-20    4.1752288e-21    1.77306228e-23    5.55285425e-21    1.27008286e-27    2.74086894e-20    2.18059418e-33    1.41834706e-31    3.153699e-33    8.58914963e-40    
48.122    1220.59    3.89883873e-18    0.145524984    0.854475015313    8.36429553e-14    9.64535561e-17    4.59207798e-14    4.65866864e-15    6.86679583e-10    6.58554347e-20    4.0936477e-21    1.72375669e-23    5.44711213e-21    1.18785528e-27    2.66868204e-20    1.94121024e-33    1.25302823e-31    2.79798767e-33    7.47632213e-40    
45.18    1216.03    3.71214015e-18    0.145525052    0.854474947305    8.36386217e-14    1.00842991e-16    4.59164436e-14    4.61531468e-15    6.95215094e-10    6.9666172e-20    4.03830175e-21    1.68678762e-23    5.36235183e-21    1.1179914e-27    2.60156676e-20    1.74038772e-33    1.11248314e-31    2.49509961e-33    6.56826561e-40    
42.41    1211.71    3.54803987e-18    0.145525115    0.854474884293    8.36333545e-14    1.06160583e-16    4.59111748e-14    4.57217634e-15    7.06416213e-10    7.41674403e-20    4.00926922e-21    1.66259742e-23    5.29959597e-21    1.05962676e-27    2.53945476e-20    1.57268935e-33    9.93162234e-32    2.23753203e-33    5.82977626e-40    
39.79    1207.86    3.41948752e-18    0.145525173    0.85447482628    8.3626916e-14    1.12644006e-16    4.59047356e-14    4.5291854e-15    7.19993941e-10    7.94908348e-20    4.00828149e-21    1.66459681e-23    5.28136643e-21    1.01975436e-27    2.48520684e-20    1.44654968e-33    8.97792169e-32    2.03099401e-33    5.28984997e-40    
37.335    1204.39    3.31700027e-18    0.145525227    0.854474772264    8.3619211e-14    1.20388474e-16    4.58970308e-14    4.48636825e-15    7.35656375e-10    8.57307894e-20    4.03502646e-21    1.68616943e-23    5.29619024e-21    9.9283214e-28    2.43719637e-20    1.34883852e-33    8.1967212e-32    1.86161592e-33    4.88276911e-40    
35.027    1201.12    3.22857311e-18    0.145525276    0.854474723247    8.36101936e-14    1.29439423e-16    4.58880152e-14    4.4439854e-15    7.5303202e-10    9.29718963e-20    4.08479111e-21    1.71889723e-23    5.3292199e-21    9.72671133e-28    2.3927957e-20    1.26644861e-33    7.51997733e-32    1.7148422e-33    4.54808528e-40    
32.845    1198.01    3.15196459e-18    0.14552532    0.854474679228    8.35997725e-14    1.39888091e-16    4.58775973e-14    4.40221483e-15    7.71776499e-10    1.01303418e-19    4.15364853e-21    1.76281125e-23    5.37968077e-21    9.58439445e-28    2.35140627e-20    1.19627804e-33    6.92680378e-32    1.58608089e-33    4.2708287e-40    
30.801    1195.32    3.09970198e-18    0.145525359    0.854474640208    8.35878037e-14    1.51878405e-16    4.58656332e-14    4.36097931e-15    7.91671647e-10    1.10770189e-19    4.24184828e-21    1.83186475e-23    5.4688657e-21    9.57000407e-28    2.31596762e-20    1.14768156e-33    6.45294996e-32    1.48313062e-33    4.08898586e-40    
28.881    1192.82    3.05888116e-18    0.145525395    0.854474604187    8.35742211e-14    1.65476713e-16    4.5852057e-14    4.32016749e-15    8.12538079e-10    1.21485289e-19    4.34601151e-21    1.91575117e-23    5.57842481e-21    9.61621998e-28    2.28356393e-20    1.10889899e-33    6.0422361e-32    1.39396487e-33    3.95105684e-40    
27.078    1190.5    3.0287103e-18    0.145525426    0.854474573166    8.35589603e-14    1.80747595e-16    4.58368042e-14    4.27968633e-15    8.34211158e-10    1.33507066e-19    4.46266407e-21    2.01591643e-23    5.70897188e-21    9.72198469e-28    2.25395262e-20    1.07880175e-33    5.68553677e-32    1.3166067e-33    3.85178061e-40    
25.379    1188.4    3.01095754e-18    0.145525454    0.854474545143    8.3541971e-14    1.97741262e-16    4.58198248e-14    4.23945226e-15    8.56540581e-10    1.46865522e-19    4.58731826e-21    2.13769402e-23    5.86638641e-21    9.90292348e-28    2.22737713e-20    1.05836225e-33    5.38160969e-32    1.2507776e-33    3.79545775e-40    
23.785    1186.5    3.00402379e-18    0.145525479    0.85447452012    8.35232477e-14    2.16463573e-16    4.5801113e-14    4.19939941e-15    8.79380236e-10    1.61570337e-19    4.71751808e-21    2.28153306e-23    6.04887952e-21    1.01523876e-27    2.20352408e-20    1.04605697e-33    5.12183688e-32    1.19465658e-33    3.77532757e-40    
22.292    1184.78    3.00675056e-18    0.1455255    0.854474499097    8.35028251e-14    2.3687989e-16    4.57807037e-14    4.15949778e-15    9.02574608e-10    1.77601421e-19    4.84921489e-21    2.44917184e-23    6.25622719e-21    1.04682949e-27    2.18206724e-20    1.04082304e-33    4.89882961e-32    1.1466353e-33    3.78713785e-40    
20.895    1183.1    3.01185099e-18    0.145525518    0.854474481074    8.34807756e-14    2.58917976e-16    4.57586693e-14    4.11974213e-15    9.2596276e-10    1.94967289e-19    4.97908113e-21    2.63250476e-23    6.47527607e-21    1.08080428e-27    2.16144534e-20    1.03706252e-33    4.69103255e-32    1.10196559e-33    3.8065066e-40    
19.578    1181.65    3.03052975e-18    0.145525533    0.854474466051    8.34573025e-14    2.82375166e-16    4.57352127e-14    4.08035102e-15    9.49265772e-10    2.13415356e-19    5.09817235e-21    2.85391448e-23    6.73227289e-21    1.12529809e-27    2.14376324e-20    1.04319981e-33    4.52285275e-32    1.06596687e-33    3.87201915e-40    
18.341    1180.35    3.05817034e-18    0.145525546    0.854474453028    8.34328637e-14    3.06793879e-16    4.57107915e-14    4.04181644e-15    9.72048648e-10    2.3262573e-19    5.19934538e-21    3.11063476e-23    7.01945611e-21    1.17803957e-27    2.12808801e-20    1.0557935e-33    4.38059689e-32    1.03559688e-33    3.96958187e-40    
17.185    1179.19    3.09346245e-18    0.145525555    0.854474444006    8.3407858e-14    3.31776187e-16    4.56858043e-14    4.00441545e-15    9.94021656e-10    2.52294944e-19    5.27823105e-21    3.40475058e-23    7.33538741e-21    1.23878537e-27    2.11416068e-20    1.07396975e-33    4.25977291e-32    1.0098578e-33    4.09625e-40    
16.095    1178.11    3.13451855e-18    0.145525562    0.854474436985    8.33824646e-14    3.57143306e-16    4.566043e-14    3.96805478e-15    1.01513493e-09    2.72309355e-19    5.33117243e-21    3.74015338e-23    7.68020604e-21    1.30732102e-27    2.10137295e-20    1.09633309e-33    4.15280179e-32    9.87055055e-34    4.24726915e-40    
15.073    1177.12    3.18133352e-18    0.145525567    0.854474431964    8.33568056e-14    3.82773493e-16    4.56347908e-14    3.93257055e-15    1.03539891e-09    2.92560088e-19    5.36070587e-21    4.12107674e-23    8.05430097e-21    1.38401027e-27    2.08976712e-20    1.12304888e-33    4.05975412e-32    9.67257433e-34    4.4237101e-40    
14.117    1176.22    3.23449832e-18    0.145525569    0.854474429945    8.33312616e-14    4.08287034e-16    4.56092668e-14    3.89817636e-15    1.05462524e-09    3.12737194e-19    5.36478206e-21    4.55501937e-23    8.46081874e-21    1.4701218e-27    2.07943107e-20    1.15475116e-33    3.98107169e-32    9.50560117e-34    4.62982306e-40    
13.224    1175.41    3.29387152e-18    0.14552557    0.854474428927    8.3306402e-14    4.33115347e-16    4.55844268e-14    3.86533868e-15    1.07251234e-09    3.32396605e-19    5.33977173e-21    5.04916834e-23    8.90170566e-21    1.56664686e-27    2.07030968e-20    1.19154429e-33    3.91553889e-32    9.36660945e-34    4.86800676e-40    
12.389    1174.65    3.35717879e-18    0.145525569    0.854474429911    8.32825283e-14    4.56957607e-16    4.55605722e-14    3.83417744e-15    1.08898121e-09    3.51328418e-19    5.28697454e-21    5.60472703e-23    9.37291996e-21    1.67255851e-27    2.06197172e-20    1.2318493e-33    3.85826153e-32    9.24466159e-34    5.13185691e-40    
11.606    1173.95    3.42579518e-18    0.145525566    0.854474432896    8.32596599e-14    4.79794765e-16    4.55377222e-14    3.80448356e-15    1.10414608e-09    3.69495942e-19    5.20884329e-21    6.23609774e-23    9.88163303e-21    1.79027529e-27    2.05450586e-20    1.27691077e-33    3.81046165e-32    9.14289262e-34    5.42923239e-40    
10.864    1173.34    3.50307327e-18    0.145525563    0.854474435882    8.3237769e-14    5.01654701e-16    4.5515849e-14    3.77602681e-15    1.11813479e-09    3.86875098e-19    5.10658555e-21    6.97039385e-23    1.04429909e-20    1.92489423e-27    2.04823081e-20    1.32965342e-33    3.7759556e-32    9.07042052e-34    5.77796411e-40    
10.175    1172.81    3.5866863e-18    0.145525558    0.854474440869    8.32171003e-14    5.22293303e-16    4.54951971e-14    3.74896018e-15    1.13089094e-09    4.03277034e-19    4.98682325e-21    7.80657116e-23    1.10481833e-20    2.07471539e-27    2.04295344e-20    1.3887071e-33    3.75257126e-32    9.02290714e-34    6.17182339e-40    
9.528    1172.34    3.67595587e-18    0.145525553    0.854474445857    8.31978081e-14    5.41556612e-16    4.54759205e-14    3.72335775e-15    1.14241104e-09    4.18600562e-19    4.84964534e-21    8.76000761e-23    1.1700632e-20    2.24118103e-27    2.03838378e-20    1.45380145e-33    3.7375666e-32    8.99431966e-34    6.61260773e-40    
8.9202    1171.91    3.77119286e-18    0.145525547    0.854474451847    8.31797749e-14    5.59562154e-16    4.54579018e-14    3.69896596e-15    1.15284508e-09    4.32936516e-19    4.69843216e-21    9.8511404e-23    1.24057558e-20    2.42655097e-27    2.03442357e-20    1.52554348e-33    3.73055583e-32    8.9844745e-34    7.10619961e-40    
8.3543    1171.48    3.86849637e-18    0.14552554    0.854474458838    8.31629486e-14    5.76361813e-16    4.54410892e-14    3.67563914e-15    1.16228888e-09    4.46366708e-19    4.53949421e-21    1.10722364e-22    1.31500778e-20    2.62693336e-27    2.03058485e-20    1.60095519e-33    3.72666607e-32    8.98287266e-34    7.63627053e-40    
7.8227    1171.06    3.96827143e-18    0.145525533    0.854474465829    8.31474529e-14    5.91832244e-16    4.54256062e-14    3.65350398e-15    1.17072987e-09    4.58808617e-19    4.37168772e-21    1.2448051e-22    1.39411028e-20    2.84512436e-27    2.02676367e-20    1.68055427e-33    3.72533353e-32    8.98857265e-34    8.20872612e-40    
7.3238    1170.61    4.06968649e-18    0.145525526    0.854474472822    8.31333394e-14    6.05922045e-16    4.54115042e-14    3.63262289e-15    1.1781931e-09    4.70236049e-19    4.19724319e-21    1.39922389e-22    1.47783395e-20    3.0815597e-27    2.02283475e-20    1.76384434e-33    3.72562846e-32    9.00008659e-34    8.82217642e-40    
6.8571    1170.12    4.16946039e-18    0.145525518    0.854474480815    8.31204925e-14    6.18746473e-16    4.5398668e-14    3.61283706e-15    1.18478658e-09    4.80779575e-19    4.01987474e-21    1.56992146e-22    1.56509706e-20    3.33251746e-27    2.0183845e-20    1.84794273e-33    3.72347712e-32    9.00868801e-34    9.45902178e-40    
6.42    1169.62    4.2709503e-18    0.14552551    0.854474488809    8.31087859e-14    6.30432004e-16    4.53869711e-14    3.59397669e-15    1.19061445e-09    4.90495372e-19    3.84150144e-21    1.76103166e-22    1.65730069e-20    3.60385195e-27    2.01383899e-20    1.93616132e-33    3.72402909e-32    9.02750026e-34    1.01400987e-39    
6.0113    1169.01    4.36611125e-18    0.145525502    0.854474496804    8.30981053e-14    6.4109235e-16    4.53762997e-14    3.57588759e-15    1.19576575e-09    4.99593956e-19    3.66476296e-21    1.96806636e-22    1.75152549e-20    3.88380264e-27    2.00819529e-20    2.02072465e-33    3.71657925e-32    9.03182753e-34    1.08147464e-39    
5.6298    1168.24    4.44868952e-18    0.145525494    0.8544745048    8.30883545e-14    6.50823457e-16    4.5366558e-14    3.55844469e-15    1.20031402e-09    5.08259441e-19    3.49148008e-21    2.18594725e-22    1.84517389e-20    4.16098963e-27    2.00076883e-20    2.09505122e-33    3.69370282e-32    9.00396828e-34    1.14357868e-39    
5.2712    1167.18    4.50819832e-18    0.145525485    0.854474513796    8.30794604e-14    6.59697942e-16    4.53576732e-14    3.54156751e-15    1.20431703e-09    5.16717135e-19    3.32150345e-21    2.40477814e-22    1.93411492e-20    4.41579627e-27    1.99031275e-20    2.14782557e-33    3.64210445e-32    8.91112397e-34    1.19218779e-39    
4.9342    1165.9    4.55006236e-18    0.145525477    0.854474521792    8.30713555e-14    6.67783498e-16    4.53495777e-14    3.52519788e-15    1.20782773e-09    5.24960909e-19    3.15540693e-21    2.62698618e-22    2.01990802e-20    4.6536278e-27    1.97764284e-20    2.18398498e-33    3.57117376e-32    8.77526109e-34    1.2298683e-39    
4.618    1164.38    4.57187999e-18    0.145525468    0.854474530789    8.30640439e-14    6.75075876e-16    4.53422758e-14    3.50943776e-15    1.21086668e-09    5.33041732e-19    2.99388631e-21    2.84719103e-22    2.10085984e-20    4.86638071e-27    1.96263245e-20    2.2007555e-33    3.47990052e-32    8.59275817e-34    1.25410566e-39    
4.3227    1162.49    4.56040481e-18    0.145525459    0.854474539786    8.30575707e-14    6.81529717e-16    4.53358129e-14    3.4945186e-15    1.21343984e-09    5.41125277e-19    2.83819883e-21    3.04490128e-22    2.16997224e-20    5.02320466e-27    1.94397285e-20    2.18440777e-33    3.35478943e-32    8.32739229e-34    1.25463711e-39    
4.045    1160.15    4.51137142e-18    0.145525451    0.854474547784    8.30518648e-14    6.87215875e-16    4.53301182e-14    3.48044917e-15    1.21560227e-09    5.49371662e-19    2.68756788e-21    3.20894624e-22    2.22438373e-20    5.11048493e-27    1.92119453e-20    2.13111926e-33    3.19357355e-32    7.97056118e-34    1.22828478e-39    
3.7847    1157.46    4.43164752e-18    0.145525443    0.854474555782    8.30467879e-14    6.92272483e-16    4.53250535e-14    3.46707039e-15    1.21743202e-09    5.57838371e-19    2.54298549e-21    3.33954847e-22    2.2653896e-20    5.13534775e-27    1.89520316e-20    2.04922049e-33    3.00836306e-32    7.55012549e-34    1.18060702e-39    
3.5412    1154.42    4.32308357e-18    0.145525434    0.854474564781    8.30422323e-14    6.96807145e-16    4.53205109e-14    3.45427071e-15    1.21899071e-09    5.66631722e-19    2.40499376e-21    3.43188109e-22    2.29221136e-20    5.09677497e-27    1.86624785e-20    1.94230567e-33    2.8044742e-32    7.07725171e-34    1.11421251e-39    
3.3136    1150.98    4.1845054e-18    0.145525426    0.85447457278    8.30381152e-14    7.00902218e-16    4.53164081e-14    3.44198229e-15    1.22032692e-09    5.75904496e-19    2.27388396e-21    3.47718777e-22    2.30254914e-20    4.98861966e-27    1.8341665e-20    1.81149888e-33    2.58372028e-32    6.55420059e-34    1.03026829e-39    
3.099    1147.1    4.01505906e-18    0.145525418    0.854474580778    8.30343643e-14    7.04629882e-16    4.53126729e-14    3.43014549e-15    1.22148242e-09    5.85821762e-19    2.14845248e-21    3.46967583e-22    2.29485804e-20    4.8085423e-27    1.79861271e-20    1.65896171e-33    2.34784382e-32    5.98404283e-34    9.31052924e-40    
2.8972    1142.8    3.82051759e-18    0.14552541    0.854474588777    8.30309136e-14    7.08055821e-16    4.53092392e-14    3.41870052e-15    1.22249382e-09    5.96440819e-19    2.0290508e-21    3.41169729e-22    2.27008548e-20    4.56749852e-27    1.76013489e-20    1.49313857e-33    2.10582208e-32    5.38923961e-34    8.2323095e-40    
2.7091    1138.23    3.61381152e-18    0.145525403    0.854474595776    8.30277087e-14    7.11234492e-16    4.53060525e-14    3.40760173e-15    1.2233913e-09    6.0776577e-19    1.91635646e-21    3.31807646e-22    2.23312882e-20    4.29184744e-27    1.72016298e-20    1.32736878e-33    1.87173051e-32    4.80688952e-34    7.16535128e-40    
2.5322    1133.21    3.38603898e-18    0.145525395    0.854474603776    8.30247152e-14    7.1419982e-16    4.53030787e-14    3.39684973e-15    1.22419637e-09    6.20035431e-19    1.80945622e-21    3.17341466e-22    2.1781325e-20    3.96600229e-27    1.67730969e-20    1.15678743e-33    1.63865668e-32    4.21874163e-34    6.08403576e-40    
2.3663    1127.84    3.14932674e-18    0.145525387    0.854474611775    8.3021931e-14    7.16954126e-16    4.53003154e-14    3.38654775e-15    1.22492007e-09    6.33197168e-19    1.70806756e-21    2.99576871e-22    2.11054406e-20    3.61740079e-27    1.63277919e-20    9.92655041e-34    1.41785031e-32    3.65597174e-34    5.06730593e-40    
2.2104    1122.14    2.90731165e-18    0.14552538    0.854474618774    8.30193552e-14    7.19498434e-16    4.52977616e-14    3.37679239e-15    1.22557152e-09    6.47173136e-19    1.61188628e-21    2.79111915e-22    2.03158218e-20    3.25660661e-27    1.58682793e-20    8.38534551e-34    1.21209439e-32    3.12758488e-34    4.13952825e-40    
2.0638    1116.22    2.67041432e-18    0.145525372    0.854474626774    8.3016957e-14    7.2186384e-16    4.5295386e-14    3.36754888e-15    1.22616563e-09    6.61898673e-19    1.52039359e-21    2.57819371e-22    1.94725707e-20    2.90626086e-27    1.5405903e-20    7.00871879e-34    1.027766e-32    2.65223e-34    3.33787723e-40    
1.9261    1110.05    2.43748184e-18    0.145525365    0.854474633773    8.30146985e-14    7.2408788e-16    4.5293151e-14    3.35873484e-15    1.22671684e-09    6.77402815e-19    1.43358736e-21    2.35588666e-22    1.85642877e-20    2.56554112e-27    1.49378985e-20    5.78098971e-34    8.62541465e-33    2.22451356e-34    2.64841099e-40    
1.7967    1103.59    2.20996901e-18    0.145525359    0.854474639773    8.30125534e-14    7.26197285e-16    4.529103e-14    3.3502928e-15    1.22723527e-09    6.9360553e-19    1.35139863e-21    2.12779672e-22    1.75963054e-20    2.23845127e-27    1.44646217e-20    4.70084372e-34    7.15877684e-33    1.84372986e-34    2.0654666e-40    
1.6754    1096.87    1.99040812e-18    0.145525352    0.854474646772    8.30105004e-14    7.28213586e-16    4.52890016e-14    3.34217308e-15    1.2277286e-09    7.10320088e-19    1.27371658e-21    1.89984848e-22    1.65853592e-20    1.93126902e-27    1.39898214e-20    3.76938519e-34    5.87608389e-33    1.51061368e-34    1.58429435e-40    
1.5625    1090.19    1.79128467e-18    0.145525346    0.854474652772    8.30085228e-14    7.30154095e-16    4.52870483e-14    3.33433308e-15    1.22820262e-09    7.27265169e-19    1.2005755e-21    1.69362481e-22    1.56226393e-20    1.66307928e-27    1.35325643e-20    3.01649255e-34    4.81692815e-33    1.23577617e-34    1.21257663e-40    
