# Abundance units (by number or mass):
@ABUNDANCE
number

# Pressure units:
@PRESSURE
bar

# Atmospheric composition:
@SPECIES
H He H2 H2O CO CH4 NH3 HCN CO2 H2CO C2H2 C2H4 NO C2H6 O2 H2O2 N2O NO2
@DATA
992.0    2225.2    1.57020448e-14    0.144736108    0.855166060639    2.36469764e-12    1.78845419e-12    4.8607916e-13    4.98818434e-14    4.29631408e-15    9.78313564e-05    9.00708844e-16    2.3432114e-16    3.75774289e-16    1.56796116e-19    6.48839079e-17    1.27820788e-22    2.78150306e-22    1.7925739e-23    1.44184995e-26    
958.28    2206.25    1.43423983e-14    0.144736115    0.855165045617    2.3753928e-12    1.77760746e-12    4.97257723e-13    4.93003034e-14    4.1008515e-15    9.88393779e-05    8.67745076e-16    2.17813508e-16    3.67538325e-16    1.36674026e-19    6.53861885e-17    1.05713965e-22    2.38982519e-22    1.53921373e-23    1.15308657e-26    
925.7    2187.29    1.30777169e-14    0.144736129    0.855163989538    2.38674662e-12    1.7660933e-12    5.09082824e-13    4.874321e-14    3.91141817e-15    9.9881457e-05    8.35645002e-16    2.02235682e-16    3.59563725e-16    1.1889197e-19    6.59761754e-17    8.71683114e-23    2.04917504e-22    1.31863891e-23    9.19229611e-27    
893.99    2168.35    1.19049616e-14    0.14473615    0.855162873778    2.39844022e-12    1.75422715e-12    5.21239845e-13    4.81883535e-14    3.72750364e-15    0.000100976217    8.04209184e-16    1.87494378e-16    3.51575893e-16    1.03232336e-19    6.65777215e-17    7.16843231e-23    1.75353015e-22    1.12716769e-23    7.30627266e-27    
862.92    2149.43    1.08223529e-14    0.144736179    0.855161736715    2.41069419e-12    1.74179641e-12    5.3394466e-13    4.76478457e-14    3.54929717e-15    0.00010208428    7.73450489e-16    1.73584323e-16    3.43647831e-16    8.94402708e-20    6.72109507e-17    5.87731173e-23    1.49729659e-22    9.61054762e-24    5.7864855e-27    
832.92    2130.51    9.82129114e-15    0.144736215    0.855160591896    2.42400483e-12    1.72830708e-12    5.47690254e-13    4.71523808e-14    3.37722327e-15    0.000103193099    7.43592615e-16    1.60535144e-16    3.36135683e-16    7.73068305e-20    6.7994229e-17    4.80172896e-23    1.27572457e-22    8.17242352e-24    4.56562231e-27    
803.49    2111.51    8.89482945e-15    0.144736259    0.855159407671    2.43795878e-12    1.71416698e-12    5.62070842e-13    4.66679186e-14    3.20985973e-15    0.000104333324    7.1423526e-16    1.4818901e-16    3.28636748e-16    6.66330278e-20    6.88206993e-17    3.90713584e-23    1.08366736e-22    6.92610223e-24    3.58575571e-27    
774.93    2092.49    8.03987084e-15    0.144736311    0.85515819787    2.45283169e-12    1.69910304e-12    5.77358983e-13    4.62118844e-14    3.04780618e-15    0.000105491125    6.8558535e-16    1.36574822e-16    3.21327887e-16    5.72797882e-20    6.97490847e-17    3.16703058e-23    9.1818528e-23    5.85211544e-24    2.80423935e-27    
747.26    2073.4    7.25064787e-15    0.144736372    0.855156944762    2.46862242e-12    1.68311317e-12    5.93556107e-13    4.57812001e-14    2.89075975e-15    0.000106683233    6.57592543e-16    1.25646802e-16    3.14180554e-16    4.91024228e-20    7.07829875e-17    2.55664448e-23    7.75822771e-23    4.92880483e-24    2.18337153e-27    
720.03    2054.05    6.51697829e-15    0.144736441    0.855155668335    2.48574617e-12    1.66578647e-12    6.11078609e-13    4.53798414e-14    2.73697083e-15    0.00010789066    6.29921317e-16    1.15265999e-16    3.0713194e-16    4.18866964e-20    7.19536184e-17    2.04955989e-23    6.523171e-23    4.12815093e-24    1.68655485e-27    
693.79    2034.69    5.84486776e-15    0.144736518    0.855154351283    2.50386174e-12    1.6474602e-12    6.29583635e-13    4.50062901e-14    2.58856133e-15    0.000109130712    6.02973311e-16    1.05555492e-16    3.00236976e-16    3.56420449e-20    7.3239955e-17    1.63696038e-23    5.47152997e-23    3.44753975e-24    1.2976716e-27    
668.07    2015.43    5.23575303e-15    0.144736605    0.855153007559    2.52245461e-12    1.62865228e-12    6.48556006e-13    4.46346488e-14    2.44574851e-15    0.000110387436    5.76630495e-16    9.64917045e-17    2.9320328e-16    3.02729813e-20    7.45092995e-17    1.3040983e-23    4.58057898e-23    2.87230579e-24    9.95334641e-28    
643.11    1996.22    4.68161208e-15    0.144736701    0.855151630492    2.54185315e-12    1.60903278e-12    6.68324933e-13    4.42795069e-14    2.30823936e-15    0.000111668503    5.50949146e-16    8.80402441e-17    2.86189895e-16    2.56537783e-20    7.58373914e-17    1.03549012e-23    3.82602047e-23    2.38644578e-24    7.60606902e-28    
618.97    1976.93    4.17509956e-15    0.144736806    0.855150253566    2.56277477e-12    1.58789114e-12    6.89604842e-13    4.39681691e-14    2.17532594e-15    0.000112940429    5.25880096e-16    8.01439051e-17    2.79378832e-16    2.16612502e-20    7.73426974e-17    8.17900852e-24    3.18500478e-23    1.97465399e-24    5.77905421e-28    
595.38    1957.4    3.70947807e-15    0.144736922    0.855148850129    2.58527023e-12    1.56517201e-12    7.1245177e-13    4.36871094e-14    2.04576198e-15    0.000114227866    5.01164846e-16    7.27068607e-17    2.72590324e-16    1.81970749e-20    7.9003062e-17    6.41364904e-24    2.63811198e-23    1.62450983e-24    4.3552364e-28    
572.69    1937.87    3.28792897e-15    0.144737047    0.855147465821    2.60940781e-12    1.5408155e-12    7.36926558e-13    4.34539009e-14    1.9211703e-15    0.000115487174    4.77131569e-16    6.58080222e-17    2.65981201e-16    1.52386901e-20    8.08534069e-17    5.00605783e-24    2.17898184e-23    1.33165754e-24    3.26585764e-28    
550.47    1918.26    2.90604249e-15    0.144737183    0.855146052736    2.63460177e-12    1.51539851e-12    7.62450965e-13    4.3229458e-14    1.80072745e-15    0.000116764259    4.53522071e-16    5.93729977e-17    2.59206008e-16    1.27123403e-20    8.27519179e-17    3.88641896e-24    1.79270558e-23    1.0866566e-24    2.4337028e-28    
529.05    1898.64    2.56171388e-15    0.14473733    0.855144655253    2.66140311e-12    1.48837874e-12    7.89569912e-13    4.30440531e-14    1.68493776e-15    0.000118014742    4.30528105e-16    5.34166927e-17    2.52493937e-16    1.05682082e-20    8.48128697e-17    3.00226222e-24    1.47026012e-23    8.83263767e-25    1.80370948e-28    
508.13    1878.99    2.2521776e-15    0.144737487    0.855143258278    2.68937944e-12    1.46018556e-12    8.178541e-13    4.28723447e-14    1.57351104e-15    0.000119254717    4.0801486e-16    4.79003263e-17    2.45630124e-16    8.7532749e-21    8.69277453e-17    2.30728649e-24    1.20130567e-23    7.14800868e-25    1.32875504e-28    
487.79    1859.31    1.97455112e-15    0.144737657    0.855141876297    2.71872775e-12    1.43062548e-12    8.47498675e-13    4.27223713e-14    1.46646555e-15    0.000120466698    3.86023179e-16    4.28076019e-17    2.3865975e-16    7.222371e-21    8.91251996e-17    1.76376011e-24    9.77891574e-24    5.75912022e-25    9.72856186e-29    
468.15    1839.64    1.72657419e-15    0.144737838    0.855140575371    2.74998308e-12    1.39917622e-12    8.79031691e-13    4.26182973e-14    1.363892e-15    0.000121586624    3.64623671e-16    3.81271345e-17    2.31702692e-16    5.93637143e-21    9.14882456e-17    1.34103204e-24    7.93294368e-24    4.62015342e-25    7.07944645e-29    
449.07    1819.99    1.505779e-15    0.144738031    0.855139319028    2.78257911e-12    1.36639711e-12    9.11891322e-13    4.25343645e-14    1.26578273e-15    0.000122649967    3.43768324e-16    3.3835266e-17    2.24595385e-16    4.86145975e-21    9.3904709e-17    1.01446727e-24    6.41211444e-24    3.69061539e-25    5.12117442e-29    
430.72    1800.32    1.30901621e-15    0.144738237    0.855138152767    2.81720146e-12    1.33161185e-12    9.46758483e-13    4.24961487e-14    1.17183464e-15    0.000123610228    3.23477074e-16    2.99053558e-17    2.17463027e-16    3.96400605e-21    9.64945105e-17    7.62811174e-25    5.16232955e-24    2.93409998e-25    3.67959298e-29    
412.7    1780.35    1.13204261e-15    0.144738456    0.85513705571    2.85396113e-12    1.29470563e-12    9.83749007e-13    4.24853868e-14    1.0808247e-15    0.000124488285    3.03431421e-16    2.62680789e-17    2.10067331e-16    3.20855777e-21    9.91959264e-17    5.67783278e-25    4.125261e-24    2.31337535e-25    2.6128009e-29    
395.42    1760.38    9.7558334e-16    0.144738689    0.855136067954    2.8926635e-12    1.25588097e-12    1.02266186e-12    4.25131184e-14    9.94037624e-16    0.000125243041    2.8397908e-16    2.29650256e-17    2.02573955e-16    2.58519698e-21    1.02028991e-16    4.20010297e-25    3.28268764e-24    1.81507307e-25    1.8422396e-29    
378.45    1740.43    8.38332232e-16    0.144738936    0.855135195562    2.9325008e-12    1.21594694e-12    1.06268955e-12    4.25503682e-14    9.11697912e-16    0.000125868433    2.65051621e-16    1.99787685e-17    1.94784304e-16    2.07363119e-21    1.04780015e-16    3.08842995e-25    2.59971477e-24    1.41656942e-25    1.28932905e-29    
362.17    1720.49    7.17813168e-16    0.144739197    0.855134518329    2.97448811e-12    1.1739044e-12    1.10483886e-12    4.26319152e-14    8.33385697e-16    0.000126284666    2.46714058e-16    1.72868614e-17    1.86890532e-16    1.65469327e-21    1.07643402e-16    2.255589e-25    2.04910875e-24    1.09959728e-25    8.95175179e-30    
346.38    1700.63    6.12906045e-16    0.144739474    0.855133999437    3.0175994e-12    1.13077238e-12    1.14808738e-12    4.27340274e-14    7.5970173e-16    0.000126526558    2.29017268e-16    1.48824336e-17    1.78787434e-16    1.31510011e-21    1.10420599e-16    1.63859564e-25    1.60827895e-24    8.49628063e-26    6.17494348e-30    
331.23    1680.8    5.21440626e-16    0.144739766    0.855133741894    3.06274949e-12    1.08565654e-12    1.19334022e-12    4.2878483e-14    6.89942754e-16    0.000126492101    2.11925373e-16    1.27347037e-17    1.7055994e-16    1.03946478e-21    1.1324158e-16    1.1820935e-25    1.25593709e-24    6.52823712e-26    4.22365128e-30    
316.42    1660.71    4.40972305e-16    0.144740075    0.855133734008    3.11004982e-12    1.03844377e-12    1.24071156e-12    4.30515838e-14    6.23388767e-16    0.000126190987    1.95231281e-16    1.08020194e-17    1.62033296e-16    8.14262377e-22    1.16030029e-16    8.42863692e-26    9.72008123e-25    4.96847257e-26    2.84850031e-30    
302.14    1640.53    3.70988876e-16    0.144740471    0.85513395824    3.15934694e-12    9.89299881e-13    1.29004109e-12    4.32574188e-14    5.60430281e-16    0.000125570755    1.79089053e-16    9.08758013e-18    1.53312548e-16    6.32908642e-22    1.18777072e-16    5.95146138e-26    7.46675408e-25    3.75186751e-26    1.8983033e-30    
288.36    1620.16    3.10166452e-16    0.144741134    0.855134337727    3.21117446e-12    9.37717195e-13    1.34185028e-12    4.3518176e-14    5.00748342e-16    0.000124528267    1.6342569e-16    7.57033933e-18    1.44388029e-16    4.87342344e-22    1.21496215e-16    4.15195265e-26    5.68361591e-25    2.80602606e-26    1.24680902e-30    
275.14    1599.7    2.57870835e-16    0.144742361    0.855134624141    3.26512463e-12    8.84121664e-13    1.39572228e-12    4.38374691e-14    4.44794361e-16    0.000123014853    1.48358454e-16    6.24504097e-18    1.35309251e-16    3.72072583e-22    1.24115933e-16    2.86556824e-26    4.29052071e-25    2.08084169e-26    8.08290373e-31    
262.23    1579.61    2.14206426e-16    0.144744719    0.855134057256    3.31797156e-12    8.31716531e-13    1.44844189e-12    4.41736413e-14    3.94396494e-16    0.000121223738    1.34240048e-16    5.12625373e-18    1.26188658e-16    2.83654042e-22    1.26161904e-16    1.97363057e-26    3.22867328e-25    1.53901307e-26    5.22393045e-31    
249.84    1559.64    1.77290556e-16    0.144748222    0.855132828121    3.37159891e-12    7.78659809e-13    1.50187379e-12    4.45094447e-14    3.47699718e-16    0.000118949873    1.20890551e-16    4.17163372e-18    1.17053166e-16    2.14650918e-22    1.27876775e-16    1.34905048e-26    2.41401699e-25    1.13122554e-26    3.3397064e-31    
237.83    1540.77    1.47775325e-16    0.144752893    0.85513044616    3.4203851e-12    7.30479504e-13    1.55043979e-12    4.47748566e-14    3.07666542e-16    0.000116660834    1.0897969e-16    3.408515e-18    1.08327011e-16    1.6391441e-22    1.28668259e-16    9.3410303e-27    1.81785728e-25    8.38718557e-27    2.1638081e-31    
226.36    1522.1    1.22857454e-16    0.144759602    0.855126427194    3.46918161e-12    6.82427121e-13    1.59894511e-12    4.50316368e-14    2.70911705e-16    0.0001139708    9.78466363e-17    2.76559376e-18    9.97904177e-17    1.24463162e-22    1.29107549e-16    6.43336953e-27    1.36212282e-25    6.19129543e-27    1.3906173e-31    
215.2    1504.28    1.02687226e-16    0.144768704    0.855120055455    3.51408381e-12    6.38345004e-13    1.64351505e-12    4.52373077e-14    2.39151376e-16    0.000111240539    8.78803111e-17    2.24943064e-18    9.17145152e-17    9.50995347e-23    1.28761834e-16    4.47187419e-27    1.02557447e-25    4.59695037e-27    9.01735774e-32    
204.56    1486.59    8.5556227e-17    0.14478027    0.855111497364    3.55847454e-12    5.94900342e-13    1.68751017e-12    4.54061606e-14    2.10067799e-16    0.00010823263    7.86209796e-17    1.81701157e-18    8.391557e-17    7.22032266e-23    1.28073096e-16    3.08974385e-27    7.67774966e-26    3.39680639e-27    5.79512138e-32    
194.24    1469.54    7.14978058e-17    0.144795503    0.855099017805    3.5985495e-12    5.55825485e-13    1.72716235e-12    4.55097718e-14    1.85097502e-16    0.000105479189    7.03859254e-17    1.47171373e-18    7.66668567e-17    5.51146739e-23    1.26744744e-16    2.1494115e-27    5.76315586e-26    2.52049717e-27    3.75258319e-32    
184.37    1453.07    5.99360742e-17    0.14481719    0.855080409877    3.63736645e-12    5.18259501e-13    1.76543669e-12    4.55725152e-14    1.627905e-16    0.000102400117    6.29283965e-17    1.19049694e-18    6.98698206e-17    4.20801967e-23    1.2502844e-16    1.50034289e-27    4.33276386e-26    1.87443331e-27    2.4322679e-32    
174.88    1437.58    5.06456513e-17    0.144850013    0.855050294219    3.67143188e-12    4.85691502e-13    1.79884765e-12    4.55789432e-14    1.44181695e-16    9.96927749e-05    5.64806758e-17    9.71768214e-19    6.37790143e-17    3.25273991e-23    1.22814787e-16    1.06369508e-27    3.28870318e-26    1.40942668e-27    1.60532159e-32    
165.77    1422.34    4.2774289e-17    0.144895892    0.855007290692    3.70479746e-12    4.54233793e-13    1.83137066e-12    4.55472159e-14    1.27331524e-16    9.68173018e-05    5.0580111e-17    7.90424426e-19    5.80471205e-17    2.50642261e-23    1.20332589e-16    7.52780279e-28    2.4907788e-26    1.05782886e-27    1.05486557e-32    
157.06    1407.28    3.61057442e-17    0.144950051    0.854956620989    3.73907303e-12    4.2222778e-13    1.86463354e-12    4.54716734e-14    1.11603199e-16    9.33280054e-05    4.508793e-17    6.37942722e-19    5.25734847e-17    1.91568635e-23    1.17629339e-16    5.29905702e-28    1.8785774e-26    7.90665634e-28    6.85523225e-33    
148.73    1392.46    3.04477833e-17    0.145005054    0.854905021152    3.77134006e-12    3.92236896e-13    1.8958829e-12    4.53234535e-14    9.76400552e-17    8.99248417e-05    4.01325859e-17    5.13794757e-19    4.75120983e-17    1.4609072e-23    1.14705965e-16    3.7247793e-28    1.41330567e-26    5.90285531e-28    4.44252082e-33    
140.79    1378.26    2.5780933e-17    0.145056574    0.854856476057    3.79969781e-12    3.65968247e-13    1.92330745e-12    4.51103505e-14    8.58753126e-17    8.69499366e-05    3.58288783e-17    4.16297605e-19    4.29901573e-17    1.12233564e-23    1.1155267e-16    2.6422238e-28    1.06894116e-26    4.43572962e-28    2.9108804e-33    
133.16    1365.57    2.2210416e-17    0.145104876    0.854810207804    3.8211715e-12    3.46301503e-13    1.94397899e-12    4.48498939e-14    7.69536042e-17    8.491619e-05    3.23771741e-17    3.45906039e-19    3.92699421e-17    8.87933232e-24    1.0818537e-16    1.93986979e-28    8.27972816e-27    3.41628564e-28    1.99022082e-33    
125.85    1353.44    1.92377485e-17    0.145152451    0.854764563379    3.84069362e-12    3.28544209e-13    1.96271663e-12    4.45545737e-14    6.92154969e-17    8.29856145e-05    2.93295236e-17    2.88878781e-19    3.5912135e-17    7.06770921e-24    1.04724133e-16    1.4368991e-28    6.45204307e-27    2.64713693e-28    1.37305563e-33    
118.88    1341.73    1.67161799e-17    0.145200492    0.854718185666    3.85823285e-12    3.12729435e-13    1.97949009e-12    4.42300203e-14    6.24806035e-17    8.13223274e-05    2.6629778e-17    2.42569744e-19    3.29048917e-17    5.65901032e-24    1.01276711e-16    1.07177306e-28    5.04921408e-27    2.06102473e-28    9.5545672e-34    
112.28    1329.93    1.44682676e-17    0.145249482    0.854671151978    3.87644984e-12    2.96322786e-13    1.99689899e-12    4.3880491e-14    5.60676306e-17    7.93660159e-05    2.40806884e-17    2.02035115e-19    3.00246281e-17    4.48968983e-24    9.78434582e-17    7.92095384e-29    3.92351575e-27    1.59420685e-28    6.5639086e-34    
106.0    1318.53    1.25629137e-17    0.145299365    0.85462306908    3.89315092e-12    2.81426294e-13    2.01279444e-12    4.35068366e-14    5.04600356e-17    7.75659133e-05    2.18168913e-17    1.68937389e-19    2.74287626e-17    3.57770368e-24    9.44331511e-17    5.88800408e-29    3.06018871e-27    1.23825281e-28    4.53919406e-34    
99.989    1308.0    1.10267432e-17    0.145350064    0.854573597784    3.90649154e-12    2.69798949e-13    2.0253739e-12    4.31095862e-14    4.59507856e-17    7.633821e-05    1.99258193e-17    1.43636417e-19    2.52326048e-17    2.90385166e-24    9.10821212e-17    4.47157269e-29    2.42299021e-27    9.76407386e-29    3.22326048e-34    
94.276    1298.14    9.7554101e-18    0.145400901    0.854523574918    3.91746806e-12    2.60456696e-13    2.03562712e-12    4.26953595e-14    4.22170068e-17    7.55240762e-05    1.83102373e-17    1.23630277e-19    2.33340562e-17    2.38874761e-24    8.78276735e-17    3.44980081e-29    1.93995034e-27    7.78631391e-29    2.33386335e-34    
88.864    1288.64    8.6610346e-18    0.145450868    0.854474201758    3.92714032e-12    2.52349265e-13    2.04460819e-12    4.22735621e-14    3.89825734e-17    7.49302361e-05    1.68784919e-17    1.0697075e-19    2.16244182e-17    1.97640609e-24    8.46623821e-17    2.67946057e-29    1.56038096e-27    6.23941303e-29    1.7042044e-34    
83.704    1279.74    7.74930756e-18    0.145499376    0.854425863679    3.93465851e-12    2.4626873e-13    2.05149504e-12    4.18495731e-14    3.63280815e-17    7.47603151e-05    1.56545875e-17    9.37317748e-20    2.01520301e-17    1.65792493e-24    8.16111782e-17    2.113628e-29    1.26879357e-27    5.0542392e-29    1.26910373e-34    
78.821    1271.41    6.98475384e-18    0.145546187    0.854378840036    3.94031041e-12    2.41928704e-13    2.05657455e-12    4.14260801e-14    3.4148448e-17    7.4972958e-05    1.46056034e-17    8.310665e-20    1.88804064e-17    1.40890594e-24    7.86936193e-17    1.6920052e-29    1.04262597e-27    4.1376052e-29    9.62939587e-35    
74.207    1263.46    6.32483506e-18    0.145591324    0.854333189014    3.9445953e-12    2.38846891e-13    2.06033791e-12    4.10032875e-14    3.23217463e-17    7.54869802e-05    1.36877157e-17    7.42260303e-20    1.77465083e-17    1.20697699e-24    7.58861721e-17    1.36668769e-29    8.62250781e-28    3.40948821e-29    7.39201721e-35    
69.821    1256.1    5.77512646e-18    0.14563485    0.854288709342    3.94696344e-12    2.37547149e-13    2.06224825e-12    4.05806614e-14    3.08717905e-17    7.64406516e-05    1.29090996e-17    6.72222289e-20    1.67879889e-17    1.04956205e-24    7.32166088e-17    1.12251757e-29    7.21587469e-28    2.84270897e-29    5.7967918e-35    
65.673    1249.13    5.30210729e-18    0.14567677    0.854245477167    3.94788489e-12    2.37575855e-13    2.06276771e-12    4.01582803e-14    2.97057444e-17    7.7752827e-05    1.22347947e-17    6.14248761e-20    1.59459244e-17    9.21551608e-25    7.06587668e-17    9.31828731e-30    6.08450565e-28    2.38846182e-29    4.60932496e-35    
61.753    1242.51    4.8906276e-18    0.14571695    0.854203620847    3.94742296e-12    2.38864709e-13    2.06196203e-12    3.97375778e-14    2.87906855e-17    7.94291463e-05    1.16504282e-17    5.65501788e-20    1.51971906e-17    8.15853526e-25    6.81986609e-17    7.8040794e-30    5.16288549e-28    2.0199532e-29    3.70865414e-35    
58.05    1236.4    4.54625385e-18    0.145755122    0.854163312564    3.94517506e-12    2.41789376e-13    2.05944152e-12    3.93215762e-14    2.81468659e-17    8.15654301e-05    1.11608531e-17    5.27328431e-20    1.4569961e-17    7.32432392e-25    6.58634165e-17    6.63704024e-30    4.42948485e-28    1.72734648e-29    3.04418727e-35    
54.551    1230.71    4.25331503e-18    0.145791188    0.854124639367    3.9412001e-12    2.46285955e-13    2.05526761e-12    3.89118451e-14    2.77487936e-17    8.41726272e-05    1.07514254e-17    4.9687605e-20    1.40348542e-17    6.65172886e-25    6.36264135e-17    5.71447285e-30    3.83397593e-28    1.49053059e-29    2.54017202e-35    
51.25    1225.38    4.00112815e-18    0.145825281    0.854087440276    3.93548073e-12    2.52370052e-13    2.04942412e-12    3.85074795e-14    2.75776944e-17    8.72787181e-05    1.04124457e-17    4.72255707e-20    1.35710734e-17    6.10030004e-25    6.14663944e-17    4.97035932e-30    3.34279155e-28    1.29602791e-29    2.14927507e-35    
48.122    1220.59    3.79763618e-18    0.145857551    0.854051523595    3.92776909e-12    2.60285522e-13    2.04166528e-12    3.8107258e-14    2.7631918e-17    9.09253984e-05    1.01397622e-17    4.55603748e-20    1.3213886e-17    5.68589219e-25    5.94184054e-17    4.39971079e-30    2.951256e-28    1.14117705e-29    1.86074997e-35    
45.18    1216.03    3.61689721e-18    0.145888113    0.854016793056    3.91836433e-12    2.69740308e-13    2.03228725e-12    3.77103533e-14    2.78765361e-17    9.50939377e-05    9.91773638e-18    4.41649816e-20    1.28895323e-17    5.33085313e-25    5.74100844e-17    3.91607161e-30    2.61599697e-28    1.00948424e-29    1.624447e-35    
42.41    1211.71    3.45785953e-18    0.145917071    0.853983096123    3.90710782e-12    2.80886353e-13    2.02113489e-12    3.73159551e-14    2.83116799e-17    9.98328703e-05    9.74284548e-18    4.30411794e-20    1.25984775e-17    5.03061498e-25    5.54372025e-17    3.50704032e-30    2.32910692e-28    8.97530867e-30    1.43124862e-35    
39.79    1207.86    3.33294113e-18    0.145944518    0.853950290554    3.89363748e-12    2.94078535e-13    2.00784968e-12    3.69233349e-14    2.89523177e-17    0.00010519144    9.61427393e-18    4.25041145e-20    1.23869099e-17    4.81734043e-25    5.35403761e-17    3.18990175e-30    2.09677343e-28    8.07126404e-30    1.28739217e-35    
37.335    1204.39    3.23310923e-18    0.145970482    0.853918342973    3.87797067e-12    3.09299287e-13    1.99244923e-12    3.65326755e-14    2.9789516e-17    0.000111175021    9.52805295e-18    4.23667773e-20    1.2226471e-17    4.66410152e-25    5.1695054e-17    2.93510674e-30    1.90376045e-28    7.32455007e-30    1.17644742e-35    
35.027    1201.12    3.14686156e-18    0.145994862    0.853887363235    3.86025123e-12    3.26403612e-13    1.975078e-12    3.61463127e-14    3.08022557e-17    0.000117774759    9.47091916e-18    4.24079359e-20    1.20835277e-17    4.54150336e-25    4.98627655e-17    2.71414614e-30    1.73474453e-28    6.67616349e-30    1.0836371e-35    
32.845    1198.01    3.0720417e-18    0.146017626    0.853857399384    3.84052267e-12    3.45350272e-13    1.95577835e-12    3.5765822e-14    3.19767577e-17    0.00012497461    9.43231685e-18    4.26139693e-20    1.19551576e-17    4.44535506e-25    4.80382333e-17    2.52026558e-30    1.58508783e-28    6.10669524e-30    1.00515565e-35    
30.801    1195.32    3.0206811e-18    0.146038887    0.853828419705    3.81872985e-12    3.66213963e-13    1.93448534e-12    3.53904531e-14    3.33101934e-17    0.000132693289    9.41196994e-18    4.32871377e-20    1.18832506e-17    4.40661896e-25    4.62755032e-17    2.37212282e-30    1.46267816e-28    5.64379208e-30    9.49372012e-36    
28.881    1192.82    2.98041285e-18    0.146058768    0.853800290148    3.79497835e-12    3.88890475e-13    1.91130424e-12    3.50191736e-14    3.47884835e-17    0.000140941846    9.40250135e-18    4.4153979e-20    1.18259234e-17    4.39348094e-25    4.45284673e-17    2.24452364e-30    1.35484625e-28    5.23979232e-30    9.03946302e-36    
27.078    1190.5    2.95047936e-18    0.146077375    0.853772953227    3.7693591e-12    4.13301601e-13    1.88631981e-12    3.46511225e-14    3.63992277e-17    0.000149671767    9.39770187e-18    4.52194369e-20    1.17821316e-17    4.40488043e-25    4.27989097e-17    2.13476695e-30    1.25953118e-28    4.88599507e-30    8.67399758e-36    
25.379    1188.4    2.93257258e-18    0.146094799    0.853746385306    3.74196441e-12    4.39371179e-13    1.85961641e-12    3.42855298e-14    3.81309509e-17    0.000158815688    9.39050922e-18    4.6566338e-20    1.17606601e-17    4.4471601e-25    4.10958722e-17    2.04419102e-30    1.17636116e-28    4.58010355e-30    8.40361369e-36    
23.785    1186.5    2.92517161e-18    0.14611112    0.853720574414    3.71293911e-12    4.66970265e-13    1.83133106e-12    3.39217937e-14    3.99699874e-17    0.00016830558    9.37923342e-18    4.81634168e-20    1.17549762e-17    4.51653327e-25    3.94212319e-17    1.96921239e-30    1.10336894e-28    4.31436241e-30    8.21016448e-36    
22.292    1184.78    2.9271682e-18    0.146126396    0.853695537511    3.68246069e-12    4.95938109e-13    1.80163299e-12    3.35596432e-14    4.18999981e-17    0.000178066483    9.35970846e-18    5.000482e-20    1.17620742e-17    4.61131114e-25    3.77770468e-17    1.90729594e-30    1.03888702e-28    4.08203618e-30    8.08150256e-36    
20.895    1183.1    2.93158279e-18    0.146140679    0.853671247848    3.65072274e-12    5.26087581e-13    1.77071276e-12    3.31990359e-14    4.39025493e-17    0.000188073146    9.32967881e-18    5.18906029e-20    1.17565475e-17    4.71225402e-25    3.6147465e-17    1.84799565e-30    9.78391186e-29    3.86568898e-30    7.96445467e-36    
19.578    1181.65    2.94913991e-18    0.146153939    0.853647946468    3.61806315e-12    5.57122236e-13    1.73888733e-12    3.28419533e-14    4.5951499e-17    0.000198114526    9.27849987e-18    5.4222152e-20    1.17848104e-17    4.85430316e-25    3.45758978e-17    1.80628007e-30    9.26903224e-29    3.68358591e-30    7.93756001e-36    
18.341    1180.35    2.97541151e-18    0.14616608    0.853625897741    3.58512195e-12    5.88432894e-13    1.7067812e-12    3.24928584e-14    4.8000752e-17    0.000208022253    9.20116422e-18    5.69104819e-20    1.18356835e-17    5.02722795e-25    3.30702457e-17    1.77599276e-30    8.81678058e-29    3.52497421e-30    7.9701258e-36    
17.185    1179.19    3.00913876e-18    0.146177095    0.853605250412    3.55240442e-12    6.19542411e-13    1.6748856e-12    3.21542608e-14    5.00142288e-17    0.000217654582    9.09600388e-18    5.99604571e-20    1.19088105e-17    5.22963979e-25    3.16417942e-17    1.7555626e-30    8.41824574e-29    3.38619312e-30    8.05490802e-36    
16.095    1178.11    3.04850529e-18    0.14618709    0.853585923252    3.52009378e-12    6.50275665e-13    1.64337989e-12    3.18253155e-14    5.19767095e-17    0.000226986742    8.95976438e-18    6.33907115e-20    1.20030505e-17    5.45990665e-25    3.02842928e-17    1.74226512e-30    8.05735354e-29    3.26092136e-30    8.18028966e-36    
15.073    1177.12    3.09351629e-18    0.146196184    0.853567828334    3.48829249e-12    6.80539767e-13    1.61236193e-12    3.15045387e-14    5.38794978e-17    0.00023598766    8.79886525e-18    6.72163545e-20    1.21168531e-17    5.71874958e-25    2.89982397e-17    1.73595838e-30    7.73313503e-29    3.1488701e-30    8.34627956e-36    
14.117    1176.22    3.14473108e-18    0.146204391    0.853551060664    3.45740786e-12    7.09949627e-13    1.58222793e-12    3.11938587e-14    5.56954865e-17    0.00024454833    8.61338549e-18    7.15262799e-20    1.22574007e-17    6.01117462e-25    2.77943363e-17    1.73766656e-30    7.44644713e-29    3.05022753e-30    8.56021034e-36    
13.224    1175.41    3.20199658e-18    0.146211675    0.853535797207    3.4280448e-12    7.37927535e-13    1.55356915e-12    3.08974807e-14    5.73868313e-17    0.000252527787    8.40142044e-18    7.64234794e-20    1.24336821e-17    6.34150517e-25    2.66868904e-17    1.7478826e-30    7.19572888e-29    2.96415013e-30    8.82699963e-36    
12.389    1174.65    3.26312369e-18    0.146218092    0.853522004947    3.40046503e-12    7.64217936e-13    1.52664431e-12    3.0616473e-14    5.89376054e-17    0.000259903047    8.16625076e-18    8.19024e-20    1.26427449e-17    6.70550527e-25    2.56738832e-17    1.76424699e-30    6.97158445e-29    2.88694892e-30    9.13469099e-36    
11.606    1173.95    3.32942714e-18    0.146223758    0.853509538873    3.37460578e-12    7.88881189e-13    1.50139204e-12    3.03489341e-14    6.03519835e-17    0.000266703121    7.91082099e-18    8.81233717e-20    1.28923594e-17    7.11218719e-25    2.47489256e-17    1.78815298e-30    6.77456729e-29    2.81904496e-30    9.49543127e-36    
10.864    1173.34    3.40411973e-18    0.146228781    0.853498270021    3.35036517e-12    8.1201805e-13    1.47771114e-12    3.00927749e-14    6.1636384e-17    0.000272948973    7.63593869e-18    9.53978218e-20    1.31986643e-17    7.58068784e-25    2.39072514e-17    1.82314394e-30    6.60946493e-29    2.76260575e-30    9.93738069e-36    
10.175    1172.81    3.48496424e-18    0.14623319    0.853488192905    3.32794688e-12    8.33430409e-13    1.45580258e-12    2.98493584e-14    6.27805147e-17    0.000278617089    7.35180465e-18    1.03674571e-19    1.35525794e-17    8.10403773e-25    2.31490184e-17    1.86723289e-30    6.47214638e-29    2.71616268e-30    1.04490382e-35    
9.528    1172.34    3.57129584e-18    0.14623703    0.853479248983    3.30745052e-12    8.5301724e-13    1.43576675e-12    2.96193343e-14    6.37800465e-17    0.000283721011    7.057987e-18    1.13128958e-19    1.39601325e-17    8.6876467e-25    2.24700115e-17    1.91995324e-30    6.35712724e-29    2.67760835e-30    1.10326724e-35    
8.9202    1171.91    3.66341058e-18    0.146240389    0.853471284393    3.2886924e-12    8.70951601e-13    1.4174254e-12    2.94004077e-14    6.4645119e-17    0.000288326601    6.75765719e-18    1.23956707e-19    1.44247033e-17    9.33926148e-25    2.18601907e-17    1.98163499e-30    6.26218026e-29    2.64634539e-30    1.16956723e-35    
8.3543    1171.48    3.75755841e-18    0.146243329    0.853464167985    3.2715668e-12    8.87327171e-13    1.40067899e-12    2.91912573e-14    6.5381323e-17    0.000292503009    6.45853196e-18    1.36010496e-19    1.49297596e-17    1.00433473e-24    2.1309073e-17    2.0481385e-30    6.17840456e-29    2.6189859e-30    1.2410127e-35    
7.8227    1171.06    3.85410701e-18    0.146245873    0.853457870485    3.25615096e-12    9.02066114e-13    1.38560506e-12    2.89930037e-14    6.5986845e-17    0.000296256509    6.15838553e-18    1.49590793e-19    1.54872013e-17    1.08108025e-24    2.08154449e-17    2.12029869e-30    6.10465247e-29    2.59514828e-30    1.31863687e-35    
7.3238    1170.61    3.95223836e-18    0.146248052    0.853452338371    3.24244621e-12    9.15163506e-13    1.37220679e-12    2.8806187e-14    6.64648435e-17    0.000299609623    5.85955545e-18    1.6485462e-19    1.60988237e-17    1.16433892e-24    2.03761029e-17    2.19757375e-30    6.03915431e-29    2.57428787e-30    1.40227808e-35    
6.8571    1170.12    4.0487861e-18    0.146249918    0.853447447163    3.23029208e-12    9.26766789e-13    1.36033034e-12    2.86293672e-14    6.68251428e-17    0.000302634831    5.56584146e-18    1.81710974e-19    1.67524912e-17    1.25267801e-24    1.998103e-17    2.27621447e-30    5.97475912e-29    2.55366686e-30    1.48913461e-35    
6.42    1169.62    4.14696037e-18    0.146251516    0.853443132641    3.21953111e-12    9.37030887e-13    1.34981954e-12    2.84610086e-14    6.70772569e-17    0.000305351353    5.27863212e-18    2.00609218e-19    1.7462199e-17    1.34824762e-24    1.96282128e-17    2.36023166e-30    5.91898562e-29    2.53674047e-30    1.58243799e-35    
6.0113    1169.01    4.23901226e-18    0.146252882    0.853439248223    3.21001704e-12    9.46081006e-13    1.34053881e-12    2.82997203e-14    6.7228849e-17    0.000307869771    5.0004156e-18    2.21024056e-19    1.81973671e-17    1.44663979e-24    1.93036078e-17    2.43995395e-30    5.85459606e-29    2.51640777e-30    1.67433187e-35    
5.6298    1168.24    4.31890612e-18    0.146254046    0.853435670209    3.20162717e-12    9.54021967e-13    1.3323745e-12    2.81443729e-14    6.72867152e-17    0.000310283785    4.73271052e-18    2.42403485e-19    1.89324634e-17    1.54366428e-24    1.89971863e-17    2.50751354e-30    5.77006515e-29    2.48779548e-30    1.75772704e-35    
5.2712    1167.18    4.37652235e-18    0.146255031    0.853432255741    3.19425965e-12    9.6093231e-13    1.32523655e-12    2.79942361e-14    6.72576214e-17    0.000312713253    4.47452293e-18    2.63706811e-19    1.96280882e-17    1.63216295e-24    1.86948535e-17    2.5495184e-30    5.64513537e-29    2.44202382e-30    1.82050612e-35    
4.9342    1165.9    4.41704412e-18    0.146255856    0.853429001945    3.18783079e-12    9.66899481e-13    1.31903938e-12    2.78487762e-14    6.7149815e-17    0.000315142049    4.22601915e-18    2.85256359e-19    2.03019617e-17    1.71422619e-24    1.84010455e-17    2.57239318e-30    5.4947071e-29    2.38538092e-30    1.86693595e-35    
4.618    1164.38    4.43812518e-18    0.14625653    0.853425860061    3.18230497e-12    9.71951428e-13    1.31375123e-12    2.77088816e-14    6.69736911e-17    0.000317609934    3.98777602e-18    3.06545883e-19    2.09403793e-17    1.78701002e-24    1.81133219e-17    2.57329533e-30    5.31772732e-29    2.31719852e-30    1.8935779e-35    
4.3227    1162.49    4.42683893e-18    0.14625706    0.85342269112    3.1776574e-12    9.76086728e-13    1.30936058e-12    2.75765851e-14    6.67438148e-17    0.000320248875    3.76101509e-18    3.25549464e-19    2.14812443e-17    1.83970614e-24    1.782065e-17    2.53679562e-30    5.09484579e-29    2.22844658e-30    1.88585361e-35    
4.045    1160.15    4.3790405e-18    0.146257463    0.853419399136    3.17377891e-12    9.79399256e-13    1.30576597e-12    2.74519395e-14    6.64742546e-17    0.000323137859    3.54422998e-18    3.41172362e-19    2.18982022e-17    1.86751977e-24    1.75156918e-17    2.45883982e-30    4.82285571e-29    2.11718973e-30    1.83933776e-35    
3.7847    1157.46    4.30146207e-18    0.146257757    0.85341598126    3.17052998e-12    9.82032098e-13    1.30282611e-12    2.73335112e-14    6.61756782e-17    0.000326261735    3.33834811e-18    3.53419004e-19    2.22002247e-17    1.87286412e-24    1.72010664e-17    2.34936687e-30    4.51977539e-29    1.99097236e-30    1.76210847e-35    
3.5412    1154.42    4.19588078e-18    0.146257957    0.853412390701    3.16779492e-12    9.84095021e-13    1.30042829e-12    2.72202917e-14    6.58576561e-17    0.000329652294    3.14359389e-18    3.61803311e-19    2.23785297e-17    1.85543258e-24    1.6875562e-17    2.21286364e-30    4.19351817e-29    1.85296719e-30    1.65812222e-35    
3.3136    1150.98    4.0611658e-18    0.146258075    0.853408550612    3.16547661e-12    9.85672488e-13    1.29848179e-12    2.71116626e-14    6.55289507e-17    0.000333374383    2.95995852e-18    3.65424241e-19    2.24098204e-17    1.81306512e-24    1.65350745e-17    2.0509107e-30    3.84669205e-29    1.7039883e-30    1.52915898e-35    
3.099    1147.1    3.89648443e-18    0.146258119    0.853404380395    3.16348883e-12    9.86836482e-13    1.29690757e-12    2.70070806e-14    6.51969178e-17    0.0003375006    2.7855478e-18    3.63684723e-19    2.22779605e-17    1.74496813e-24    1.61740991e-17    1.8662017e-30    3.48160671e-29    1.54491903e-30    1.37858939e-35    
2.8972    1142.8    3.70741843e-18    0.146258099    0.853399857456    3.16176044e-12    9.87655838e-13    1.29563562e-12    2.69060039e-14    6.48673957e-17    0.000342043539    2.62055839e-18    3.56828787e-19    2.19906395e-17    1.6551586e-24    1.57953191e-17    1.66868196e-30    3.11132179e-29    1.3817039e-30    1.216242e-35    
2.7091    1138.23    3.50648604e-18    0.146258019    0.853394992633    3.16023409e-12    9.88191085e-13    1.29460688e-12    2.68080175e-14    6.45450315e-17    0.000346988362    2.46564997e-18    3.46390965e-19    2.15934777e-17    1.55321876e-24    1.54094983e-17    1.47371243e-30    2.75622272e-29    1.22394414e-30    1.05642567e-35    
2.5322    1133.21    3.28510043e-18    0.146257888    0.853389656951    3.15885234e-12    9.88475832e-13    1.29377599e-12    2.67131182e-14    6.42341919e-17    0.000352455044    2.3194603e-18    3.30761237e-19    2.10292037e-17    1.43352716e-24    1.50032068e-17    1.27562996e-30    2.40568981e-29    1.06681776e-30    8.95254314e-36    
2.3663    1127.84    3.0550038e-18    0.146257711    0.85338387341    3.15758481e-12    9.88546293e-13    1.29310951e-12    2.66222094e-14    6.39408986e-17    0.000358415585    2.18156531e-18    3.11808411e-19    2.03491446e-17    1.30602571e-24    1.45858805e-17    1.08710622e-30    2.07578306e-29    9.18167293e-31    7.44264455e-36    
2.2104    1122.14    2.81973072e-18    0.146257498    0.853377671932    3.15640523e-12    9.88436952e-13    1.29257707e-12    2.65361379e-14    6.36695562e-17    0.000364830063    2.05151116e-18    2.90141325e-19    1.95640364e-17    1.1744995e-24    1.41588198e-17    9.11879982e-31    1.77010758e-29    7.80013492e-31    6.06902833e-36    
2.0638    1116.22    2.5893849e-18    0.146257256    0.853371091368    3.15528603e-12    9.88184743e-13    1.29214627e-12    2.64545922e-14    6.34197349e-17    0.000371652627    1.92849843e-18    2.67686899e-19    1.87304171e-17    1.0470922e-24    1.37310292e-17    7.56821293e-31    1.49749179e-29    6.56794821e-31    4.88508842e-36    
1.9261    1110.05    2.36288249e-18    0.146256986    0.853364129754    3.15420028e-12    9.87816497e-13    1.29179027e-12    2.63768427e-14    6.31890129e-17    0.000378884241    1.81236812e-18    2.44320203e-19    1.78367179e-17    9.2346181e-25    1.32995035e-17    6.19814867e-31    1.25415428e-29    5.46888983e-31    3.86921025e-36    
1.7967    1103.59    2.14166027e-18    0.146256693    0.853356835174    3.15313377e-12    9.87357142e-13    1.2914895e-12    2.63023809e-14    6.29752657e-17    0.000386471821    1.7029174e-18    2.20408672e-19    1.68876898e-17    8.05013589e-25    1.28641631e-17    5.00379283e-31    1.03896563e-29    4.49882e-31    3.01217088e-36    
1.6754    1096.87    1.92818108e-18    0.14625638    0.853349311589    3.15208252e-12    9.86832105e-13    1.29122924e-12    2.62307671e-14    6.27763644e-17    0.000394308406    1.59991512e-18    1.96560257e-19    1.58990181e-17    6.93935702e-25    1.24279162e-17    3.98301363e-31    8.51378257e-30    3.6568261e-31    2.30609689e-36    
1.5625    1090.19    1.73456786e-18    0.146256047    0.853341712844    3.151051e-12    9.86267752e-13    1.29099831e-12    2.61616247e-14    6.25902782e-17    0.000402240151    1.5033329e-18    1.75005156e-19    1.49580257e-17    5.97116164e-25    1.20075885e-17    3.16497558e-31    6.96880909e-30    2.96742201e-31    1.7617461e-36    
