# Abundance units (by number or mass):
@ABUNDANCE
number

# Pressure units:
@PRESSURE
bar

# Atmospheric composition:
@SPECIES
H He H2 H2O CO CH4 NH3 HCN CO2 H2CO C2H2 C2H4 NO C2H6 O2 H2O2 N2O NO2
@DATA
992.0    2225.19    1.85253614e-14    0.143313231    0.851562666836    2.37296503e-12    1.74090677e-12    0.00512410216    5.26847687e-14    5.11379198e-15    9.54920452e-15    4.71679063e-21    7.1223535e-20    4.03741882e-16    2.06703957e-19    7.07824197e-17    1.54452855e-22    3.4082996e-22    2.0714074e-23    2.19231937e-26    
905.0    2174.87    1.45880736e-14    0.143400363    0.851172907866    2.40313234e-12    1.71270401e-12    0.00542672913    5.15495583e-14    4.55190248e-15    9.82370112e-15    3.15971818e-21    4.73012175e-20    3.83681386e-16    1.43071664e-19    7.29969558e-17    9.26343202e-23    2.22279943e-22    1.37430625e-23    1.20263226e-26    
825.0    2125.37    1.13962142e-14    0.143496226    0.850736594586    2.43729339e-12    1.68077578e-12    0.00576717941    5.05041468e-14    4.03344744e-15    1.01103388e-14    2.0918985e-21    3.09652055e-20    3.64215722e-16    9.79450437e-20    7.55553902e-17    5.4737222e-23    1.43477289e-22    9.01822921e-24    6.48875445e-27    
752.0    2076.68    8.82678971e-15    0.143605127    0.850240803566    2.47634077e-12    1.64430971e-12    0.00615406943    4.95783535e-14    3.55686314e-15    1.04069116e-14    1.36843792e-21    1.99672209e-20    3.45481029e-16    6.62913218e-20    7.85815599e-17    3.18472658e-23    9.16819902e-23    5.85256003e-24    3.44236358e-27    
686.0    2028.81    6.77357909e-15    0.143730391    0.849670960556    2.52144149e-12    1.60224382e-12    0.00659864844    4.88102249e-14    3.12026644e-15    1.07093648e-14    8.84274989e-22    1.26706178e-20    3.2759057e-16    4.43379714e-20    8.2240687e-17    1.82326414e-23    5.80178904e-23    3.75619115e-24    1.79513109e-27    
625.0    1981.75    5.15401943e-15    0.143868711    0.849041666756    2.57141269e-12    1.55567023e-12    0.00708962224    4.810263e-14    2.72040765e-15    1.10161045e-14    5.63377521e-22    7.89461713e-21    3.09321024e-16    2.93082293e-20    8.61165254e-17    1.02738752e-23    3.63016994e-23    2.38218208e-24    9.19547088e-28    
570.0    1935.51    3.88299921e-15    0.144026637    0.848323993376    2.62858642e-12    1.50246582e-12    0.00764936962    4.75584563e-14    2.35634948e-15    1.13176039e-14    3.53970185e-22    4.82603895e-21    2.91412151e-16    1.91316504e-20    9.06195241e-17    5.69108464e-24    2.24852474e-23    1.49332291e-24    4.6260072e-28    
520.0    1890.09    2.89683921e-15    0.144203831    0.847519406886    2.69284582e-12    1.44275439e-12    0.00827676211    4.71439238e-14    2.02587486e-15    1.16059624e-14    2.19013302e-22    2.88853454e-21    2.73286076e-16    1.23302074e-20    9.55556573e-17    3.09818637e-24    1.37758798e-23    9.24826798e-25    2.28410369e-28    
474.0    1845.47    2.14058253e-15    0.144398466    0.846636018376    2.76354054e-12    1.37715081e-12    0.00896551562    4.68094051e-14    1.72729578e-15    1.18729456e-14    1.33226588e-22    1.68924235e-21    2.54440185e-16    7.84375935e-21    1.00610692e-16    1.65693952e-24    8.33741022e-24    5.65404634e-25    1.10584412e-28    
432.0    1801.67    1.56577305e-15    0.144612741    0.845664119936    2.84146214e-12    1.30495814e-12    0.00972313906    4.65848595e-14    1.45927721e-15    1.21032096e-14    7.95989258e-23    9.63474673e-22    2.35018054e-16    4.92205349e-21    1.05786924e-16    8.69703704e-25    4.98387709e-24    3.41134219e-25    5.24611006e-29    
394.0    1758.67    1.13289075e-15    0.144849187    0.844592531096    2.92752636e-12    1.22537665e-12    0.0105582819    4.65101414e-14    1.22025921e-15    1.22754454e-14    4.6652832e-23    5.34693119e-22    2.15154621e-16    3.04436317e-21    1.1108818e-16    4.47463672e-25    2.94199968e-24    2.03050422e-25    2.43646676e-29    
359.0    1716.48    8.11242794e-16    0.145102778    0.843443685596    3.01993575e-12    1.14008672e-12    0.0114535364    4.65147242e-14    1.00904663e-15    1.23759129e-14    2.67668927e-23    2.88109425e-22    1.9458902e-16    1.85525835e-21    1.1596132e-16    2.25522123e-25    1.71141206e-24    1.1909529e-25    1.10618953e-29    
327.0    1675.09    5.74564909e-16    0.14537379    0.842216532896    3.11879372e-12    1.04904357e-12    0.0124096771    4.6629665e-14    8.24155343e-16    1.23794017e-14    1.50098041e-23    1.50352655e-22    1.7363297e-16    1.11290686e-21    1.20270784e-16    1.11169706e-25    9.80360538e-25    6.87889101e-26    4.90307444e-30    
298.0    1634.48    4.02189789e-16    0.145662071    0.840912002196    3.22404792e-12    9.52356003e-13    0.0134259268    4.68963565e-14    6.63922821e-16    1.22555678e-14    8.21070608e-24    7.5760696e-23    1.52607636e-16    6.5641577e-22    1.23864785e-16    5.34983763e-26    5.52560185e-25    3.9099197e-26    2.11841944e-30    
272.0    1594.67    2.78008905e-16    0.145966709    0.839534515596    3.33536733e-12    8.50398673e-13    0.0144987754    4.73695874e-14    5.26562742e-16    1.19695351e-14    4.37126977e-24    3.67226921e-23    1.31835856e-16    3.80189388e-22    1.2656691e-16    2.50773398e-26    3.06142826e-25    2.18523815e-26    8.90599565e-31    
248.0    1556.63    1.92077825e-16    0.146261277    0.838202549196    3.44316642e-12    7.51919855e-13    0.0155361738    4.78168285e-14    4.14064248e-16    1.1558867e-14    2.29947637e-24    1.74785792e-23    1.12024988e-16    2.1941924e-22    1.27225009e-16    1.16853671e-26    1.68595804e-25    1.21684284e-26    3.71967757e-31    
226.0    1521.45    1.34492877e-16    0.146525991    0.837005010096    3.54022008e-12    6.63461837e-13    0.0164689989    4.81050897e-14    3.26104489e-16    1.10797179e-14    1.22282006e-24    8.40882924e-24    9.42621065e-17    1.28624572e-22    1.25613904e-16    5.5596529e-27    9.40181714e-26    6.88146144e-27    1.58922942e-31    
206.0    1488.91    9.5455739e-17    0.146761287    0.835940055296    3.62664525e-12    5.84872161e-13    0.0172986577    4.82589692e-14    2.57619202e-16    1.05561632e-14    6.59000661e-25    4.10336599e-24    7.87941462e-17    7.66487445e-23    1.22251561e-16    2.70406509e-27    5.31738101e-26    3.95658594e-27    6.95717413e-32    
188.0    1458.83    6.86782419e-17    0.14696915    0.834998871096    3.70312763e-12    5.15485704e-13    0.0180319789    4.83149831e-14    2.04386063e-16    1.00065956e-14    3.60736279e-25    2.03687182e-24    6.56131708e-17    4.647086e-23    1.17670367e-16    1.34610625e-27    3.0555196e-26    2.31575534e-27    3.12614937e-32    
171.0    1431.04    5.02376469e-17    0.147140925    0.834219538796    3.76653055e-12    4.58034417e-13    0.0186395362    4.80564517e-14    1.63599114e-16    9.50860465e-15    2.01470073e-25    1.03816169e-24    5.46297681e-17    2.87438992e-23    1.11870961e-16    6.89031304e-28    1.78332704e-26    1.38053037e-27    1.44557482e-32    
156.0    1405.4    3.72664005e-17    0.147291705    0.833535144396    3.82227928e-12    4.07628335e-13    0.0191731506    4.77645827e-14    1.31827886e-16    9.01221612e-15    1.14840136e-25    5.41375847e-25    4.55479456e-17    1.81264362e-23    1.05820391e-16    3.6212708e-28    1.06173489e-26    8.40135054e-28    6.88985958e-33    
143.0    1381.79    2.80239774e-17    0.14742577    0.832926682196    3.8719047e-12    3.6287086e-13    0.0196475478    4.75149687e-14    1.06928854e-16    8.51202664e-15    6.68826796e-26    2.889475e-25    3.80711895e-17    1.16593749e-23    9.98420362e-17    1.95508986e-28    6.46063319e-27    5.22570961e-28    3.38958829e-33    
130.0    1360.07    2.15173591e-17    0.147522831    0.832483016896    3.90812253e-12    3.30139447e-13    0.0199941521    4.67153514e-14    8.82573427e-17    8.16889619e-15    4.01638346e-26    1.61215645e-25    3.21300852e-17    7.69558538e-24    9.33767158e-17    1.09583216e-28    4.00677426e-27    3.32185513e-28    1.72915733e-33    
118.0    1340.16    1.68192769e-17    0.14759834    0.832135767096    3.93649545e-12    3.04458303e-13    0.0202658929    4.56785616e-14    7.38770449e-17    7.91221857e-15    2.48421237e-26    9.34718693e-26    2.73755002e-17    5.20542227e-24    8.7104651e-17    6.36078546e-29    2.5424433e-27    2.16194875e-28    9.15343212e-34    
108.0    1321.94    1.33224753e-17    0.147669006    0.831811439196    3.96302404e-12    2.80521683e-13    0.0205195548    4.48338588e-14    6.22973123e-17    7.63554696e-15    1.57576056e-26    5.56217993e-26    2.34685517e-17    3.59757256e-24    8.15401822e-17    3.80190663e-29    1.65690344e-27    1.44279023e-28    5.02274658e-34    
98.5    1305.31    1.07599254e-17    0.147718778    0.831580145096    3.9819565e-12    2.63346508e-13    0.0207010769    4.36741912e-14    5.34408212e-17    7.47487237e-15    1.03340638e-26    3.46186313e-26    2.03804518e-17    2.55351714e-24    7.6206768e-17    2.36180991e-29    1.10612117e-27    9.86929271e-29    2.86786129e-34    
89.8    1290.19    8.84780416e-18    0.147754213    0.831412948096    3.99564875e-12    2.50833378e-13    0.0208328389    4.23485312e-14    4.65484895e-17    7.39648389e-15    6.99990766e-27    2.24587224e-26    1.79183273e-17    1.85982874e-24    7.12788051e-17    1.52249764e-29    7.57511758e-28    6.92372451e-29    1.70365856e-34    
81.9    1276.47    7.40384643e-18    0.147777757    0.831299005196    4.00497895e-12    2.42189613e-13    0.0209232378    4.09043374e-14    4.11524777e-17    7.39293479e-15    4.89635379e-27    1.51757962e-26    1.5950797e-17    1.38960145e-24    6.67823637e-17    1.01799028e-29    5.32369553e-28    4.9818228e-29    1.0528553e-34    
74.6    1264.07    6.30865867e-18    0.147788352    0.831242871396    4.00956248e-12    2.37728226e-13    0.0209687766    3.92955694e-14    3.69766627e-17    7.48478961e-15    3.54029751e-27    1.0707587e-26    1.43938369e-17    1.06556379e-24    6.26532337e-17    7.066855e-30    3.83738794e-28    3.67511387e-29    6.76979659e-35    
68.0    1252.9    5.46595833e-18    0.147789306    0.831230066196    4.01057935e-12    2.36405196e-13    0.0209806278    3.76204837e-14    3.37047671e-17    7.65172884e-15    2.6410548e-27    7.85880317e-27    1.3150756e-17    8.37446779e-25    5.89164096e-17    5.08204965e-30    2.83696521e-28    2.77844374e-29    4.52282936e-35    
62.0    1242.88    4.81405014e-18    0.147780493    0.831261163896    4.00797453e-12    2.3825566e-13    0.0209583431    3.58813125e-14    3.11640405e-17    7.90191789e-15    2.03143754e-27    5.99708739e-27    1.21638125e-17    6.74158037e-25    5.55197909e-17    3.78310994e-30    2.14921356e-28    2.15088534e-29    3.13617024e-35    
56.6    1233.9    4.30482472e-18    0.147763427    0.831329577696    4.00228352e-12    2.42805566e-13    0.0209069953    3.41314775e-14    2.91869234e-17    8.22645162e-15    1.60790202e-27    4.74291217e-27    1.1377232e-17    5.55099293e-25    5.2443519e-17    2.90863157e-30    1.66707827e-28    1.70331612e-29    2.25281524e-35    
51.6    1225.88    3.91051133e-18    0.14773482    0.831449857796    3.99230017e-12    2.51092465e-13    0.0208153222    3.23050819e-14    2.77246906e-17    8.66222347e-15    1.30980487e-27    3.89549716e-27    1.07687416e-17    4.67430129e-25    4.95872398e-17    2.31023226e-30    1.32150486e-28    1.37793344e-29    1.67450666e-35    
47.0    1218.75    3.60469481e-18    0.147694996    0.831620744896    3.978121e-12    2.63027204e-13    0.0206842591    3.04437945e-14    2.66754757e-17    9.21023064e-15    1.09572548e-27    3.31237387e-27    1.03017151e-17    4.01904575e-25    4.69221305e-17    1.89116708e-30    1.06914868e-28    1.13719446e-29    1.28497137e-35    
42.9    1212.43    3.36355768e-18    0.147647672    0.831825945096    3.96108754e-12    2.77446934e-13    0.0205263829    2.86541363e-14    2.59094385e-17    9.83472689e-15    9.37635926e-28    2.89504873e-27    9.93349083e-18    3.51914998e-25    4.44725184e-17    1.58858716e-30    8.82078569e-29    9.56281342e-30    1.01483333e-35    
39.1    1206.83    3.17969946e-18    0.14758749    0.832089279696    3.93922847e-12    2.96058139e-13    0.0203232303    2.68496561e-14    2.54470298e-17    1.05908588e-14    8.20807774e-28    2.60772335e-27    9.66143821e-18    3.13751222e-25    4.21252956e-17    1.36974475e-30    7.40195475e-29    8.17836106e-30    8.23600342e-36    
35.6    1201.89    3.04162106e-18    0.147514266    0.832411741696    3.9124593e-12    3.18937863e-13    0.0200739923    2.50635261e-14    2.52332614e-17    1.14797207e-14    7.33150328e-28    2.41189951e-27    9.46294264e-18    2.84305737e-25    3.98561611e-17    1.20901081e-30    6.30717829e-29    7.10218555e-30    6.85001805e-36    
32.5    1197.54    2.93584362e-18    0.147433165    0.832770463296    3.88267348e-12    3.44453956e-13    0.0197963717    2.33967648e-14    2.51648524e-17    1.24451096e-14    6.65306965e-28    2.2719771e-27    9.30631685e-18    2.61090303e-25    3.77161554e-17    1.08714051e-30    5.45418386e-29    6.25603978e-30    5.82013006e-36    
29.6    1193.72    2.86395457e-18    0.147335527    0.833204087596    3.84667578e-12    3.7538343e-13    0.0194603854    2.17400895e-14    2.53034807e-17    1.35712963e-14    6.13721907e-28    2.18896548e-27    9.19699938e-18    2.43057821e-25    3.55702613e-17    9.97007255e-31    4.77110697e-29    5.5775851e-30    5.04435951e-36    
27.0    1190.36    2.81538592e-18    0.147227291    0.833686207296    3.80665795e-12    4.09841407e-13    0.0190865017    2.01883088e-14    2.5552056e-17    1.4790478e-14    5.73016364e-28    2.13916548e-27    9.10675088e-18    2.2871044e-25    3.34845141e-17    9.28000806e-31    4.22005814e-29    5.02812225e-30    4.4457616e-36    
24.6    1187.42    2.79053027e-18    0.147103188    0.834240425696    3.7606738e-12    4.49533783e-13    0.0186563863    1.86908172e-14    2.59332365e-17    1.61467886e-14    5.41136557e-28    2.12238821e-27    9.03149881e-18    2.17432814e-25    3.13835893e-17    8.76414555e-31    3.76507478e-29    4.57534445e-30    3.97743366e-36    
22.4    1184.86    2.78569217e-18    0.146963707    0.834864605496    3.70891189e-12    4.9432097e-13    0.0181716875    1.72651501e-14    2.64127892e-17    1.76228468e-14    5.15655091e-28    2.13032839e-27    8.95631882e-18    2.08522254e-25    2.92702755e-17    8.37793161e-31    3.38381746e-29    4.19712871e-30    3.60406174e-36    
20.5    1182.62    2.79071213e-18    0.146820905    0.835504638096    3.65586183e-12    5.40316481e-13    0.0176744569    1.60026604e-14    2.68831712e-17    1.90909107e-14    4.93976821e-28    2.14438179e-27    8.86358444e-18    2.01175326e-25    2.72757578e-17    8.06747905e-31    3.06723908e-29    3.88166104e-30    3.30052147e-36    
18.7    1180.66    2.81550681e-18    0.146657609    0.836237562296    3.59516345e-12    5.93084786e-13    0.0171048287    1.47657426e-14    2.74511913e-17    2.07012155e-14    4.76330092e-28    2.18049625e-27    8.75587017e-18    1.9549552e-25    2.52047939e-17    7.84871028e-31    2.79067904e-29    3.6090713e-30    3.05094525e-36    
17.0    1178.96    2.85914591e-18    0.146472882    0.837067664496    3.52648452e-12    6.52960976e-13    0.0164594535    1.35631217e-14    2.8090672e-17    2.24388031e-14    4.61440168e-28    2.23390658e-27    8.61817206e-18    1.91154821e-25    2.30602562e-17    7.70243683e-31    2.54509821e-29    3.36980533e-30    2.84173411e-36    
15.5    1177.47    2.91141314e-18    0.146282391    0.837924459696    3.45566767e-12    7.14868432e-13    0.0157931493    1.24810565e-14    2.86923759e-17    2.41466085e-14    4.47765389e-28    2.28694073e-27    8.44320448e-18    1.87613912e-25    2.10060574e-17    7.5917323e-31    2.33194247e-29    3.16204348e-30    2.66363065e-36    
14.1    1176.18    2.97911713e-18    0.146074697    0.838859371896    3.37848566e-12    7.82544615e-13    0.0150659311    1.14490837e-14    2.93026043e-17    2.59045605e-14    4.35131381e-28    2.34653786e-27    8.22249908e-18    1.84920554e-25    1.89345442e-17    7.52518933e-31    2.13910222e-29    2.9756031e-30    2.5091547e-36    
12.9    1175.07    3.04948357e-18    0.145871891    0.839772836496    3.30316104e-12    8.48779844e-13    0.0143552725    1.0552522e-14    2.98138006e-17    2.75247875e-14    4.22771187e-28    2.39513539e-27    7.9686938e-18    1.82638166e-25    1.70458921e-17    7.47144602e-31    1.97257501e-29    2.81331808e-30    2.37520895e-36    
11.8    1174.09    3.13069153e-18    0.145660827    0.840723991596    3.22482783e-12    9.17869374e-13    0.0136151814    9.71744657e-15    3.02795105e-17    2.91030668e-14    4.10670094e-28    2.44078767e-27    7.67346861e-18    1.80891396e-25    1.52181447e-17    7.44388432e-31    1.82182911e-29    2.66665312e-30    2.25680821e-36    
10.7    1173.25    3.23637716e-18    0.145420186    0.841808943196    3.13560765e-12    9.96832024e-13    0.0127708708    8.86680314e-15    3.07439901e-17    3.07617695e-14    3.98221043e-28    2.49030899e-27    7.30538181e-18    1.79843148e-25    1.32968873e-17    7.45923527e-31    1.675285e-29    2.52576938e-30    2.1479064e-36    
9.77    1172.51    3.34093106e-18    0.145194104    0.842828623096    3.05187159e-12    1.07117719e-12    0.0119772729    8.14096916e-15    3.10629671e-17    3.21970952e-14    3.85533634e-28    2.51973866e-27    6.92047158e-18    1.7893843e-25    1.16241571e-17    7.47408815e-31    1.54891308e-29    2.40216564e-30    2.05174288e-36    
8.91    1171.86    3.45688544e-18    0.144963045    0.843871066896    2.96638932e-12    1.14731931e-12    0.0111658881    7.46216069e-15    3.12852662e-17    3.35352823e-14    3.72244595e-28    2.53635873e-27    6.49602101e-18    1.78354729e-25    1.00461876e-17    7.50602094e-31    1.43208113e-29    2.28701669e-30    1.9635454e-36    
8.12    1171.27    3.58206721e-18    0.144731056    0.844917967896    2.88066499e-12    1.22392203e-12    0.0103509761    6.83297119e-15    3.13867271e-17    3.47507953e-14    3.58120376e-28    2.53531209e-27    6.03994174e-18    1.77962661e-25    8.58822979e-18    7.54808015e-31    1.32396256e-29    2.17876379e-30    1.88119542e-36    
7.41    1170.69    3.70995403e-18    0.144506502    0.845931521136    2.79778424e-12    1.29820672e-12    0.00956197686    6.26430185e-15    3.13439901e-17    3.58107345e-14    3.43086812e-28    2.51151964e-27    5.57082314e-18    1.77534382e-25    7.29143775e-18    7.58635131e-31    1.22478528e-29    2.07652653e-30    1.80256176e-36    
6.75    1170.05    3.84124224e-18    0.144284613    0.846933204686    2.715978e-12    1.37173252e-12    0.00878218231    5.73409458e-15    3.11400314e-17    3.67513076e-14    3.2643671e-28    2.46062538e-27    5.0824678e-18    1.76858674e-25    6.11698634e-18    7.61121513e-31    1.12982528e-29    1.97457531e-30    1.72224098e-36    
6.16    1169.26    3.96108136e-18    0.144078189    0.847865177816    2.63994312e-12    1.44022442e-12    0.00805663318    5.26166458e-15    3.07554807e-17    3.75461483e-14    3.08173812e-28    2.37775647e-27    4.60476772e-18    1.754383e-25    5.11508051e-18    7.59070881e-31    1.03985571e-29    1.87157312e-30    1.63643368e-36    
5.61    1168.18    4.06636991e-18    0.14388126    0.848754351176    2.56745543e-12    1.50562959e-12    0.00736438882    4.82441743e-15    3.01671056e-17    3.82476822e-14    2.87440231e-28    2.25826593e-27    4.12889208e-18    1.72863324e-25    4.23906463e-18    7.50279089e-31    9.49816856e-30    1.76057606e-30    1.53818159e-36    
5.12    1166.69    4.13584108e-18    0.143706866    0.849541794206    2.50327514e-12    1.5635671e-12    0.00675133979    4.44121426e-15    2.93822916e-17    3.88542933e-14    2.64624365e-28    2.10361331e-27    3.6876337e-18    1.68494741e-25    3.52465913e-18    7.30551214e-31    8.60814573e-30    1.64060631e-30    1.42410958e-36    
4.67    1164.67    4.16260408e-18    0.143550718    0.850246840606    2.44579034e-12    1.61542191e-12    0.00620244139    4.0964247e-15    2.83980306e-17    3.94176307e-14    2.39540824e-28    1.91621014e-27    3.27584554e-18    1.61978804e-25    2.93299589e-18    6.9799131e-31    7.7019929e-30    1.50794028e-30    1.29130152e-36    
4.25    1161.99    4.13982633e-18    0.143410775    0.850878690376    2.39422072e-12    1.66183974e-12    0.00571053462    3.78177368e-15    2.72201403e-17    3.99755364e-14    2.12536114e-28    1.70243248e-27    2.89298126e-18    1.53141034e-25    2.4409829e-18    6.51895616e-31    6.77636375e-30    1.36221095e-30    1.14106575e-36    
3.88    1158.59    4.05025699e-18    0.14329813    0.851387214136    2.3526021e-12    1.69908054e-12    0.00531465586    3.51457049e-15    2.59181609e-17    4.05401136e-14    1.85151334e-28    1.47832703e-27    2.56617539e-18    1.4191257e-25    2.06607158e-18    5.91963054e-31    5.8686856e-30    1.20872926e-30    9.79766772e-37    
3.54    1154.43    3.90164339e-18    0.143204098    0.851811639856    2.31772661e-12    1.7300204e-12    0.00498426214    3.27667655e-15    2.45033874e-17    4.11519761e-14    1.57931193e-28    1.25273353e-27    2.27817848e-18    1.28777162e-25    1.76671953e-18    5.221184e-31    4.98279591e-30    1.05055963e-30    8.14962943e-37    
3.22    1149.5    3.70356092e-18    0.143123115    0.852177091156    2.28754202e-12    1.75650324e-12    0.00469979384    3.05770611e-15    2.29939701e-17    4.1835087e-14    1.31696741e-28    1.03498709e-27    2.01898466e-18    1.1439974e-25    1.51916326e-18    4.47224481e-31    4.13814263e-30    8.9305689e-31    6.55728425e-37    
2.94    1143.82    3.45250656e-18    0.143065884    0.852435217606    2.2659506e-12    1.77493207e-12    0.00449889839    2.87525481e-15    2.14825252e-17    4.25911113e-14    1.07889814e-28    8.38745784e-28    1.80901018e-18    9.93486615e-26    1.33933127e-18    3.70927075e-31    3.37423033e-30    7.44006687e-31    5.10621101e-37    
2.68    1137.45    3.17116691e-18    0.14302092    0.852637903336    2.24874271e-12    1.78914452e-12    0.00434117666    2.70960774e-15    1.99566936e-17    4.34404588e-14    8.66187095e-29    6.65290907e-28    1.62508315e-18    8.44849743e-26    1.19375997e-18    2.9877375e-31    2.69402162e-30    6.06815544e-31    3.84948142e-37    
2.44    1130.44    2.8717438e-18    0.142987412    0.852788814016    2.23561732e-12    1.79940815e-12    0.00422377398    2.55958466e-15    1.84466775e-17    4.43881583e-14    6.82491194e-29    5.17480484e-28    1.46501825e-18    7.0419392e-26    1.07657423e-18    2.3400653e-31    2.10849735e-30    4.85075319e-31    2.81393983e-37    
2.23    1122.87    2.5602753e-18    0.142972166    0.852857189756    2.22906134e-12    1.80343835e-12    0.00417064424    2.43510346e-15    1.70099569e-17    4.54312106e-14    5.30354896e-29    3.97031463e-28    1.3374706e-18    5.75510954e-26    9.95588059e-19    1.78175971e-31    1.62430314e-30    3.81133113e-31    1.99947576e-37    
2.03    1114.83    2.25890898e-18    0.142960836    0.852907862646    2.22382931e-12    1.80604618e-12    0.00413130135    2.31457263e-15    1.56052105e-17    4.65799371e-14    4.04950174e-29    2.99109257e-28    1.21894187e-18    4.62726185e-26    9.22809497e-19    1.32650424e-31    1.22826819e-30    2.94169857e-31    1.3838425e-37    
1.85    1106.39    1.97008339e-18    0.142960487    0.852908900966    2.22250729e-12    1.80486438e-12    0.00413061203    2.20831999e-15    1.42795701e-17    4.78268235e-14    3.05390695e-29    2.22578119e-28    1.11864359e-18    3.66328419e-26    8.68338418e-19    9.66102822e-32    9.15941122e-31    2.23785849e-31    9.35939859e-38    
1.69    1097.67    1.70016695e-18    0.142971821    0.852857133866    2.2253572e-12    1.79966308e-12    0.00417104513    2.11671001e-15    1.30456538e-17    4.91659624e-14    2.28123156e-29    1.64095263e-28    1.03534166e-18    2.86138809e-26    8.30943209e-19    6.90184283e-32    6.75545137e-31    1.68235906e-31    6.20812221e-38    
1.54    1088.75    1.45807947e-18    0.142985393    0.852795246916    2.22893256e-12    1.79361707e-12    0.00421936008    2.02757727e-15    1.18807911e-17    5.0597006e-14    1.68584644e-29    1.19630469e-28    9.57050753e-19    2.21308133e-26    7.96035923e-19    4.86426004e-32    4.92651403e-31    1.25116706e-31    4.05281149e-38    
1.4    1079.73    1.24508589e-18    0.142999761    0.852729768686    2.23271416e-12    1.78722034e-12    0.00427047031    1.9402139e-15    1.07922317e-17    5.21117614e-14    1.23558621e-29    8.64563888e-29    8.82967642e-19    1.69952036e-26    7.62026734e-19    3.39512955e-32    3.56209857e-31    9.23021687e-32    2.61499762e-38    
1.28    1070.71    1.056625e-18    0.143026742    0.852607277096    2.24104014e-12    1.77652361e-12    0.0043659809    1.86857363e-15    9.81529916e-18    5.36862118e-14    9.05331973e-30    6.24915059e-29    8.23928441e-19    1.29757737e-26    7.4357598e-19    2.34868943e-32    2.57256969e-31    6.79060299e-32    1.67630231e-38    
1.17    1061.8    8.95874807e-19    0.143054589    0.852480876776    2.24962739e-12    1.7654819e-12    0.00446453422    1.7995446e-15    8.92160697e-18    5.53150123e-14    6.62296735e-30    4.50839544e-29    7.68567041e-19    9.89347056e-27    7.25636708e-19    1.62178737e-32    1.85527903e-31    4.98880144e-32    1.07229951e-38    
1.06    1053.08    7.63932988e-19    0.143066282    0.852427532616    2.25225566e-12    1.75981546e-12    0.00450618538    1.71735143e-15    8.0838028e-18    5.7002717e-14    4.82306934e-30    3.23476869e-29    7.05405081e-19    7.56972598e-27    6.90131612e-19    1.12670784e-32    1.3333782e-31    3.66144296e-32    6.87172156e-39    
0.97    1044.64    6.50307819e-19    0.143092615    0.852308018466    2.26022269e-12    1.74922325e-12    0.00459936653    1.65382017e-15    7.358688e-18    5.86950243e-14    3.54935089e-30    2.34727876e-29    6.57727323e-19    5.80656511e-27    6.72017373e-19    7.84582986e-33    9.68054032e-32    2.70750428e-32    4.43848976e-39    
0.884    1036.54    5.57546474e-19    0.143107448    0.852240522416    2.26396661e-12    1.74247861e-12    0.00465202958    1.58418509e-15    6.69781441e-18    6.04092974e-14    2.62061279e-30    1.7084418e-29    6.07606277e-19    4.48876533e-27    6.43636443e-19    5.52646203e-33    7.05800856e-32    2.0131818e-32    2.89608677e-39    
0.806    1028.8    4.80842377e-19    0.143117699    0.852193776796    2.26603183e-12    1.7372757e-12    0.0046885242    1.51588265e-15    6.10823563e-18    6.21259615e-14    1.94970933e-30    1.25325692e-29    5.60346105e-19    3.49893465e-27    6.13296379e-19    3.93825605e-33    5.1885098e-32    1.50941716e-32    1.91396245e-39    
0.735    1021.41    4.1727458e-19    0.143122607    0.852171221246    2.2661432e-12    1.73387297e-12    0.00470617175    1.44850411e-15    5.58131812e-18    6.38424158e-14    1.46171225e-30    9.2664054e-30    5.15612908e-19    2.750846e-27    5.80855326e-19    2.84048251e-33    3.84580878e-32    1.1412912e-32    1.28152368e-39    
0.67    1014.35    3.64159859e-19    0.14312193    0.852173948486    2.26420667e-12    1.73234583e-12    0.00470412151    1.38173889e-15    5.10752221e-18    6.55644869e-14    1.10278941e-30    6.89619786e-30    4.73136077e-19    2.17902174e-27    5.46505814e-19    2.07060363e-33    2.87011958e-32    8.69125457e-33    8.67768443e-40    
0.611    1007.5    3.18824978e-19    0.143118915    0.852187269686    2.26139638e-12    1.73158933e-12    0.00469381531    1.31746789e-15    4.67940115e-18    6.73044203e-14    8.35621366e-31    5.15543174e-30    4.33880691e-19    1.73395175e-27    5.12959107e-19    1.51903352e-33    2.15192076e-32    6.64952671e-33    5.91774719e-40    
0.557    1000.77    2.7932121e-19    0.143114828    0.852205456586    2.25814909e-12    1.73115141e-12    0.00467971541    1.25557142e-15    4.28718867e-18    6.90880885e-14    6.33376327e-31    3.85522252e-30    3.97560921e-19    1.38076358e-27    4.80770625e-19    1.11555508e-33    1.6140722e-32    5.09015744e-33    4.03940905e-40    
0.508    994.004    2.43886334e-19    0.143114348    0.852207339436    2.25614437e-12    1.72942687e-12    0.00467831256    1.19800076e-15    3.9246335e-18    7.0945798e-14    4.78354604e-31    2.87218424e-30    3.64994603e-19    1.09462347e-27    4.52599153e-19    8.14080658e-34    1.20595055e-32    3.88060868e-33    2.73923541e-40    
0.463    987.071    2.11503882e-19    0.143119046    0.852185804346    2.25591419e-12    1.72584361e-12    0.00469514965    1.14426086e-15    3.58399754e-18    7.29202565e-14    3.57977663e-31    2.11946642e-30    3.35630319e-19    8.59391666e-28    4.28425786e-19    5.86067397e-34    8.92288247e-33    2.92981697e-33    1.82996055e-40    
0.422    979.834    1.81389162e-19    0.143133794    0.852118800986    2.25919922e-12    1.71872054e-12    0.00474740501    1.09588513e-15    3.26169777e-18    7.50519599e-14    2.64277094e-31    1.54201829e-30    3.09942129e-19    6.64452236e-28    4.101876e-19    4.12924208e-34    6.50699454e-33    2.17944283e-33    1.19452051e-40    
0.385    972.173    1.53178822e-19    0.143163971    0.851981998116    2.26792471e-12    1.70620784e-12    0.00485403088    1.05432682e-15    2.95529606e-18    7.73807164e-14    1.91667925e-31    1.10117257e-30    2.88231584e-19    5.03192293e-28    3.99660144e-19    2.82547375e-34    4.6564601e-33    1.58979518e-33    7.55961793e-41    
0.351    963.99    1.27040371e-19    0.143210357    0.851771853456    2.2823315e-12    1.68799613e-12    0.00501778954    1.01812996e-15    2.66074748e-18    7.99520704e-14    1.35813393e-31    7.6713844e-31    2.69376765e-19    3.71630407e-28    3.95696608e-19    1.86664329e-34    3.25248279e-33    1.13146325e-33    4.60499127e-41    
0.32    955.207    1.03116157e-19    0.143278208    0.851464576126    2.30431142e-12    1.6622853e-12    0.00525721587    9.88248076e-16    2.37742344e-18    8.2795956e-14    9.36688484e-32    5.18982016e-31    2.53330031e-19    2.66519576e-28    3.99676557e-19    1.18346176e-34    2.20994121e-33    7.82691292e-34    2.68353451e-41    
0.292    945.765    8.16430315e-20    0.143373818    0.851031689136    2.33615221e-12    1.62694445e-12    0.00559449286    9.65694807e-16    2.10504363e-18    8.59247045e-14    6.26531232e-32    3.39289194e-31    2.39896913e-19    1.84893646e-28    4.13241998e-19    7.1620588e-35    1.45673629e-33    5.24547364e-34    1.48807354e-41    
0.266    935.615    6.29597334e-20    0.143497445    0.850472013086    2.37793543e-12    1.58187163e-12    0.00603054191    9.48188457e-16    1.84169936e-18    8.93522123e-14    4.04006559e-32    2.12729178e-31    2.27498831e-19    1.23689649e-28    4.34626539e-19    4.1210303e-35    9.27170555e-34    3.39124849e-34    7.80783457e-42    
0.242    924.713    4.71392796e-20    0.143655952    0.849754480206    2.43220644e-12    1.52479084e-12    0.00658956779    9.36460425e-16    1.58816663e-18    9.30427977e-14    2.49950055e-32    1.27026006e-31    2.15678857e-19    7.94895205e-29    4.65242586e-19    2.24281779e-35    5.68092761e-34    2.10772624e-34    3.85535507e-42    
0.221    913.011    3.40614837e-20    0.143868427    0.848792717786    2.50611645e-12    1.44945088e-12    0.00733885521    9.35703441e-16    1.34612882e-18    9.68217109e-14    1.47792981e-32    7.1667238e-32    2.04974662e-19    4.88260278e-29    5.1191839e-19    1.14599228e-35    3.3499791e-34    1.25645411e-34    1.78202247e-42    
0.202    900.449    2.36858262e-20    0.144138791    0.847568973076    2.60132459e-12    1.35475571e-12    0.00829223592    9.44078484e-16    1.11496304e-18    1.00463918e-13    8.26611441e-33    3.76552156e-32    1.93271601e-19    2.8522259e-29    5.72935095e-19    5.46179834e-36    1.88839577e-34    7.1390793e-35    7.64440418e-43    
0.184    886.94    1.57948564e-20    0.144467608    0.846080677926    2.71837573e-12    1.24085105e-12    0.00945171407    9.58984702e-16    8.96147225e-19    1.03632269e-13    4.31382557e-33    1.81006653e-32    1.78546402e-19    1.57322617e-29    6.43653338e-19    2.40478164e-36    1.00713762e-34    3.83142336e-35    3.00516226e-43    
0.168    872.353    9.98987207e-21    0.144881038    0.844209456596    2.8677543e-12    1.0998529e-12    0.0109095054    9.88154903e-16    6.92296055e-19    1.0540379e-13    2.06865115e-33    7.76707483e-33    1.60707055e-19    8.09443161e-30    7.29655659e-19    9.60836756e-37    5.04590866e-35    1.92514835e-35    1.06538137e-43    
0.153    856.487    5.9370979e-21    0.145377241    0.841963636196    3.04990608e-12    9.33499228e-13    0.0126591228    1.03069266e-15    5.069202e-19    1.04660062e-13    8.86545647e-34    2.87104539e-33    1.38014633e-19    3.81957196e-30    8.19531846e-19    3.40089592e-37    2.32431079e-35    8.88702018e-36    3.31095197e-44    
0.139    839.027    3.25610182e-21    0.145960747    0.839322741996    3.26837508e-12    7.42158089e-13    0.014716511    1.09298106e-15    3.44426814e-19    9.95103817e-14    3.2597944e-34    8.65841533e-34    1.10375524e-19    1.60734251e-30    9.00559153e-19    1.02341041e-37    9.55643694e-36    3.66811791e-36    8.63391889e-45    
0.127    819.451    1.59339197e-21    0.146637792    0.836258654696    3.52858399e-12    5.26893409e-13    0.0171035533    1.19622197e-15    2.08798207e-19    8.68013603e-14    9.58230749e-35    1.93170254e-34    7.89249578e-20    5.74188986e-31    9.55086326e-19    2.43123731e-38    3.34499314e-36    1.29551474e-36    1.75353244e-45    
0.116    796.836    6.62175455e-22    0.147337877    0.833090582196    3.80618656e-12    3.12899456e-13    0.0195715408    1.36061952e-15    1.06145204e-19    6.50923839e-14    1.98524561e-35    2.72190054e-35    4.67649854e-20    1.59703267e-31    9.32015098e-19    4.00890846e-39    9.01153696e-37    3.58766534e-37    2.41169267e-46    
0.106    773.003    2.47251218e-22    0.147874391    0.830663223496    4.02630923e-12    1.56387014e-13    0.0214623855    1.58919967e-15    4.64205758e-20    4.10238861e-14    3.09685926e-36    2.64720582e-36    2.29043879e-20    3.69033359e-32    8.06624225e-19    4.99430631e-40    1.96632815e-37    8.29195745e-38    2.46495597e-47    
0.0962    749.369    8.77176181e-23    0.148185584    0.829256022096    4.15818036e-12    6.99465192e-14    0.0225583939    1.86914735e-15    1.85095027e-20    2.27960236e-14    4.05389726e-37    2.06554655e-37    9.81886694e-21    7.6584744e-33    6.29631612e-19    5.26474043e-41    3.7396144e-38    1.71873897e-38    2.10519423e-48    
0.0877    726.213    2.96758124e-23    0.148343384    0.828543562696    4.22709077e-12    2.83767124e-14    0.0231130533    2.23268132e-15    6.83750001e-21    1.14012239e-14    4.60810659e-38    1.34275046e-38    3.80685638e-21    1.45295459e-33    4.6018055e-19    4.82557271e-42    6.40062737e-39    3.27017838e-39    1.55512199e-49    
0.08    703.771    9.69072368e-24    0.148414031    0.828226068296    4.25873163e-12    1.08505117e-14    0.0233599007    2.68980823e-15    2.40407263e-21    5.36262934e-15    4.75678422e-39    7.72476294e-40    1.38748223e-21    2.58455145e-34    3.2371947e-19    4.0091777e-43    1.01657734e-39    5.84501841e-40    1.03564066e-50    
0.0729    682.238    3.09111532e-24    0.148443804    0.828094112996    4.27225262e-12    4.02053614e-15    0.023462083    3.25285887e-15    8.21502593e-22    2.44646445e-15    4.62911335e-40    4.12954837e-41    4.88915984e-22    4.4116013e-35    2.23342641e-19    3.13216081e-44    1.54012408e-40    1.00321147e-40    6.4565611e-52    
0.0665    661.771    9.73618597e-25    0.148456422    0.828040458696    4.27786765e-12    1.46466018e-15    0.0235031193    3.94481457e-15    2.76595374e-22    1.09883057e-15    4.37125109e-41    2.1249514e-42    1.6944572e-22    7.371209e-36    1.52843433e-19    2.37059316e-45    2.27997128e-41    1.68765899e-41    3.89347188e-53    
0.0606    642.485    3.06809362e-25    0.148462207    0.828018415896    4.28017254e-12    5.34697842e-16    0.0235193771    4.77329366e-15    9.32144534e-23    4.94785807e-16    4.12584213e-42    1.09480162e-43    5.87496526e-23    1.23088992e-36    1.04485085e-19    1.7935504e-46    3.36976988e-42    2.83649474e-42    2.34521106e-54    
0.0553    624.46    9.77905131e-26    0.148465475    0.828008555696    4.28114407e-12    1.97269699e-16    0.0235259693    5.76007932e-15    3.17655303e-23    2.2486213e-16    3.98529657e-43    5.81074652e-45    2.05944564e-23    2.09118347e-37    7.17172794e-20    1.39167329e-47    5.0742556e-43    4.85182065e-43    1.45200604e-55    
0.0504    607.743    3.19403645e-26    0.14846788    0.828003343496    4.28157613e-12    7.48358705e-17    0.0235287765    6.89500693e-15    1.11049151e-23    1.04734038e-16    4.04764867e-44    3.29553929e-46    7.40442433e-24    3.68567844e-38    4.9631746e-20    1.14021467e-48    7.93448701e-44    8.5959774e-44    9.51812889e-57    
0.0459    592.351    1.08048584e-26    0.148470071    0.827999807896    4.28179336e-12    2.94790241e-17    0.0235301211    8.1712925e-15    4.02337458e-24    5.03885732e-17    4.41824446e-45    2.05323438e-47    2.75784764e-24    6.8511378e-39    3.47537332e-20    1.01026485e-49    1.31111179e-44    1.60325274e-44    6.77850529e-58    
0.0419    578.275    3.8166481e-27    0.148472313    0.827996783496    4.28192602e-12    1.20976745e-17    0.0235309035    9.59620469e-15    1.52032522e-24    2.50776555e-17    5.27088406e-46    1.43256493e-48    1.07063525e-24    1.36119987e-39    2.46979996e-20    9.86154773e-51    2.32528064e-45    3.19357063e-45    5.35901787e-59    
0.0382    565.487    1.4223123e-27    0.148474612    0.827993931496    4.28202316e-12    5.25242804e-18    0.0235314565    1.11074118e-14    6.0630911e-25    1.30895724e-17    7.01730905e-47    1.15257064e-49    4.38247619e-25    2.93384784e-40    1.7858855e-20    1.08460052e-51    4.48633502e-46    6.88039433e-46    4.80791696e-60    
0.0348    553.938    5.62719306e-28    0.148476945    0.827991141596    4.28210504e-12    2.42519051e-18    0.0235319134    1.26609629e-14    2.56670539e-25    7.1935003e-18    1.0560081e-47    1.0864661e-50    1.90201138e-25    6.92735465e-41    1.3164847e-20    1.36301891e-52    9.51518052e-47    1.61901131e-46    1e-60    
0.0317    543.568    2.37460143e-28    0.148479254    0.827988423996    4.28217893e-12    1.19476678e-18    0.023532322    1.42081424e-14    1.15811207e-25    4.1716845e-18    1.81327415e-48    1.21376906e-51    8.78617153e-26    1.80507365e-41    9.90766555e-21    1.97762946e-53    2.23614859e-47    4.19202567e-47    1e-60    
0.0289    534.305    1.07154237e-28    0.14848148    0.827985823196    4.28224693e-12    6.28583374e-19    0.0235326968    1.5703368e-14    5.5802716e-26    2.55353748e-18    3.57118452e-49    1.61650235e-52    4.32761286e-26    5.21255486e-42    7.61863981e-21    3.33202939e-54    5.85106808e-48    1.19979995e-47    1e-60    
0.0264    526.071    5.17470955e-29    0.148483574    0.827983385596    4.28230939e-12    3.5273008e-19    0.0235330404    1.71110036e-14    2.87149464e-26    1.64716525e-18    8.07941809e-50    2.56904296e-53    2.27264487e-26    1.67070526e-42    5.98783192e-21    6.53105112e-55    1.70829858e-48    3.80365934e-48    1e-60    
0.0241    518.785    2.67759795e-29    0.148485395    0.827981269196    4.28236312e-12    2.12172559e-19    0.0235333358    1.83368487e-14    1.58194116e-26    1.12520802e-18    2.10465806e-50    4.89558813e-54    1.27550148e-26    5.95076278e-43    4.80933994e-21    1.4927416e-55    5.56412684e-49    1.33562109e-48    1e-60    
0.0219    512.364    1.48511222e-29    0.14848677    0.827979672596    4.28240344e-12    1.37638136e-19    0.0235335574    1.92616308e-14    9.35253401e-27    8.19128151e-19    6.31689869e-51    1.12257784e-54    7.66798668e-27    2.35465859e-43    3.94525826e-21    3.98003445e-56    2.01678277e-49    5.18366793e-49    1e-60    
